  0.03929000   0.00425001
  0.03939152   0.00426307
  0.03949304   0.00427611
  0.03959456   0.00428912
  0.03969609   0.00430210
  0.03979761   0.00431505
  0.03989913   0.00432798
  0.04000065   0.00434088
  0.04010217   0.00435376
  0.04020369   0.00436661
  0.04030522   0.00437943
  0.04040674   0.00439222
  0.04050826   0.00440499
  0.04060978   0.00441773
  0.04071130   0.00443045
  0.04081282   0.00444314
  0.04091434   0.00445580
  0.04101587   0.00446844
  0.04111739   0.00448105
  0.04121891   0.00449363
  0.04132043   0.00450619
  0.04142195   0.00451872
  0.04152347   0.00453122
  0.04162499   0.00454370
  0.04172652   0.00455615
  0.04182804   0.00456857
  0.04192956   0.00458097
  0.04203108   0.00459334
  0.04213260   0.00460568
  0.04223412   0.00461800
  0.04233565   0.00463029
  0.04243717   0.00464255
  0.04253869   0.00465479
  0.04264021   0.00466700
  0.04274173   0.00467919
  0.04284325   0.00469135
  0.04294477   0.00470348
  0.04304630   0.00471558
  0.04314782   0.00472766
  0.04324934   0.00473971
  0.04335086   0.00475174
  0.04345238   0.00476374
  0.04355390   0.00477571
  0.04365543   0.00478766
  0.04375695   0.00479958
  0.04385847   0.00481147
  0.04395999   0.00482334
  0.04406151   0.00483518
  0.04416303   0.00484699
  0.04426455   0.00485878
  0.04436608   0.00487054
  0.04446760   0.00488227
  0.04456912   0.00489398
  0.04467064   0.00490566
  0.04477216   0.00491732
  0.04487368   0.00492895
  0.04497521   0.00494055
  0.04507673   0.00495212
  0.04517825   0.00496367
  0.04527977   0.00497519
  0.04538129   0.00498669
  0.04548281   0.00499816
  0.04558433   0.00500960
  0.04568586   0.00502102
  0.04578738   0.00503241
  0.04588890   0.00504377
  0.04599042   0.00505511
  0.04609194   0.00506642
  0.04619346   0.00507771
  0.04629498   0.00508896
  0.04639651   0.00510019
  0.04649803   0.00511140
  0.04659955   0.00512258
  0.04670107   0.00513373
  0.04680259   0.00514486
  0.04690411   0.00515596
  0.04700564   0.00516703
  0.04710716   0.00517807
  0.04720868   0.00518909
  0.04731020   0.00520009
  0.04741172   0.00521106
  0.04751324   0.00522200
  0.04761476   0.00523291
  0.04771629   0.00524380
  0.04781781   0.00525466
  0.04791933   0.00526550
  0.04802085   0.00527630
  0.04812237   0.00528709
  0.04822389   0.00529784
  0.04832542   0.00530857
  0.04842694   0.00531927
  0.04852846   0.00532995
  0.04862998   0.00534060
  0.04873150   0.00535123
  0.04883302   0.00536182
  0.04893454   0.00537239
  0.04903607   0.00538294
  0.04913759   0.00539346
  0.04923911   0.00540395
  0.04934063   0.00541442
  0.04944215   0.00542485
  0.04954367   0.00543527
  0.04964520   0.00544565
  0.04974672   0.00545601
  0.04984824   0.00546635
  0.04994976   0.00547666
  0.05005128   0.00548694
  0.05015280   0.00549719
  0.05025432   0.00550742
  0.05035585   0.00551762
  0.05045737   0.00552780
  0.05055889   0.00553795
  0.05066041   0.00554807
  0.05076193   0.00555817
  0.05086345   0.00556824
  0.05096497   0.00557828
  0.05106650   0.00558830
  0.05116802   0.00559829
  0.05126954   0.00560825
  0.05137106   0.00561819
  0.05147258   0.00562810
  0.05157410   0.00563799
  0.05167563   0.00564785
  0.05177715   0.00565768
  0.05187867   0.00566749
  0.05198019   0.00567727
  0.05208171   0.00568702
  0.05218323   0.00569675
  0.05228475   0.00570645
  0.05238628   0.00571613
  0.05248780   0.00572578
  0.05258932   0.00573540
  0.05269084   0.00574500
  0.05279236   0.00575457
  0.05289388   0.00576411
  0.05299541   0.00577363
  0.05309693   0.00578312
  0.05319845   0.00579258
  0.05329997   0.00580202
  0.05340149   0.00581143
  0.05350301   0.00582082
  0.05360453   0.00583018
  0.05370606   0.00583951
  0.05380758   0.00584882
  0.05390910   0.00585810
  0.05401062   0.00586736
  0.05411214   0.00587658
  0.05421366   0.00588579
  0.05431519   0.00589496
  0.05441671   0.00590411
  0.05451823   0.00591323
  0.05461975   0.00592233
  0.05472127   0.00593140
  0.05482279   0.00594045
  0.05492431   0.00594946
  0.05502584   0.00595846
  0.05512736   0.00596742
  0.05522888   0.00597636
  0.05533040   0.00598527
  0.05543192   0.00599416
  0.05553344   0.00600302
  0.05563496   0.00601185
  0.05573649   0.00602066
  0.05583801   0.00602944
  0.05593953   0.00603820
  0.05604105   0.00604693
  0.05614257   0.00605563
  0.05624409   0.00606431
  0.05634562   0.00607296
  0.05644714   0.00608158
  0.05654866   0.00609018
  0.05665018   0.00609875
  0.05675170   0.00610730
  0.05685322   0.00611582
  0.05695474   0.00612431
  0.05705627   0.00613278
  0.05715779   0.00614122
  0.05725931   0.00614963
  0.05736083   0.00615802
  0.05746235   0.00616638
  0.05756387   0.00617472
  0.05766540   0.00618302
  0.05776692   0.00619131
  0.05786844   0.00619956
  0.05796996   0.00620780
  0.05807148   0.00621600
  0.05817300   0.00622418
  0.05827452   0.00623233
  0.05837605   0.00624046
  0.05847757   0.00624856
  0.05857909   0.00625663
  0.05868061   0.00626468
  0.05878213   0.00627270
  0.05888365   0.00628069
  0.05898518   0.00628866
  0.05908670   0.00629660
  0.05918822   0.00630452
  0.05928974   0.00631241
  0.05939126   0.00632027
  0.05949278   0.00632811
  0.05959430   0.00633592
  0.05969583   0.00634371
  0.05979735   0.00635147
  0.05989887   0.00635920
  0.06000039   0.00636691
  0.06010191   0.00637459
  0.06020343   0.00638224
  0.06030495   0.00638987
  0.06040648   0.00639747
  0.06050800   0.00640505
  0.06060952   0.00641260
  0.06071104   0.00642012
  0.06081256   0.00642762
  0.06091408   0.00643509
  0.06101561   0.00644253
  0.06111713   0.00644995
  0.06121865   0.00645734
  0.06132017   0.00646471
  0.06142169   0.00647205
  0.06152321   0.00647936
  0.06162473   0.00648665
  0.06172626   0.00649391
  0.06182778   0.00650115
  0.06192930   0.00650836
  0.06203082   0.00651554
  0.06213234   0.00652270
  0.06223386   0.00652983
  0.06233539   0.00653693
  0.06243691   0.00654401
  0.06253843   0.00655107
  0.06263995   0.00655809
  0.06274147   0.00656509
  0.06284299   0.00657207
  0.06294451   0.00657901
  0.06304604   0.00658594
  0.06314756   0.00659283
  0.06324908   0.00659970
  0.06335060   0.00660654
  0.06345212   0.00661336
  0.06355364   0.00662015
  0.06365517   0.00662692
  0.06375669   0.00663366
  0.06385821   0.00664037
  0.06395973   0.00664705
  0.06406125   0.00665372
  0.06416277   0.00666035
  0.06426429   0.00666696
  0.06436582   0.00667354
  0.06446734   0.00668010
  0.06456886   0.00668662
  0.06467038   0.00669313
  0.06477190   0.00669961
  0.06487342   0.00670606
  0.06497494   0.00671248
  0.06507647   0.00671888
  0.06517799   0.00672525
  0.06527951   0.00673160
  0.06538103   0.00673792
  0.06548255   0.00674422
  0.06558407   0.00675049
  0.06568560   0.00675673
  0.06578712   0.00676294
  0.06588864   0.00676913
  0.06599016   0.00677530
  0.06609168   0.00678144
  0.06619320   0.00678755
  0.06629472   0.00679363
  0.06639625   0.00679969
  0.06649777   0.00680573
  0.06659929   0.00681174
  0.06670081   0.00681772
  0.06680233   0.00682367
  0.06690385   0.00682960
  0.06700538   0.00683551
  0.06710690   0.00684138
  0.06720842   0.00684723
  0.06730994   0.00685306
  0.06741146   0.00685886
  0.06751298   0.00686463
  0.06761450   0.00687038
  0.06771603   0.00687610
  0.06781755   0.00688179
  0.06791907   0.00688746
  0.06802059   0.00689310
  0.06812211   0.00689872
  0.06822363   0.00690431
  0.06832516   0.00690987
  0.06842668   0.00691541
  0.06852820   0.00692092
  0.06862972   0.00692641
  0.06873124   0.00693187
  0.06883276   0.00693730
  0.06893428   0.00694271
  0.06903581   0.00694809
  0.06913733   0.00695345
  0.06923885   0.00695878
  0.06934037   0.00696408
  0.06944189   0.00696936
  0.06954341   0.00697461
  0.06964493   0.00697983
  0.06974646   0.00698503
  0.06984798   0.00699020
  0.06994950   0.00699535
  0.07005102   0.00700047
  0.07015254   0.00700557
  0.07025406   0.00701064
  0.07035559   0.00701568
  0.07045711   0.00702069
  0.07055863   0.00702569
  0.07066015   0.00703065
  0.07076167   0.00703559
  0.07086319   0.00704050
  0.07096471   0.00704539
  0.07106624   0.00705025
  0.07116776   0.00705508
  0.07126928   0.00705989
  0.07137080   0.00706467
  0.07147232   0.00706943
  0.07157384   0.00707416
  0.07167537   0.00707886
  0.07177689   0.00708354
  0.07187841   0.00708819
  0.07197993   0.00709282
  0.07208145   0.00709742
  0.07218297   0.00710199
  0.07228449   0.00710654
  0.07238602   0.00711106
  0.07248754   0.00711556
  0.07258906   0.00712003
  0.07269058   0.00712447
  0.07279210   0.00712889
  0.07289362   0.00713328
  0.07299515   0.00713765
  0.07309667   0.00714198
  0.07319819   0.00714630
  0.07329971   0.00715059
  0.07340123   0.00715485
  0.07350275   0.00715908
  0.07360427   0.00716329
  0.07370580   0.00716747
  0.07380732   0.00717163
  0.07390884   0.00717576
  0.07401036   0.00717987
  0.07411188   0.00718395
  0.07421340   0.00718800
  0.07431492   0.00719203
  0.07441645   0.00719603
  0.07451797   0.00720000
  0.07461949   0.00720395
  0.07472101   0.00720788
  0.07482253   0.00721177
  0.07492405   0.00721564
  0.07502558   0.00721949
  0.07512710   0.00722331
  0.07522862   0.00722710
  0.07533014   0.00723087
  0.07543166   0.00723461
  0.07553318   0.00723832
  0.07563470   0.00724201
  0.07573623   0.00724568
  0.07583775   0.00724931
  0.07593927   0.00725292
  0.07604079   0.00725651
  0.07614231   0.00726007
  0.07624383   0.00726360
  0.07634536   0.00726711
  0.07644688   0.00727059
  0.07654840   0.00727404
  0.07664992   0.00727747
  0.07675144   0.00728088
  0.07685296   0.00728425
  0.07695448   0.00728760
  0.07705601   0.00729093
  0.07715753   0.00729423
  0.07725905   0.00729750
  0.07736057   0.00730075
  0.07746209   0.00730397
  0.07756361   0.00730716
  0.07766514   0.00731033
  0.07776666   0.00731347
  0.07786818   0.00731659
  0.07796970   0.00731968
  0.07807122   0.00732275
  0.07817274   0.00732578
  0.07827426   0.00732880
  0.07837579   0.00733178
  0.07847731   0.00733475
  0.07857883   0.00733768
  0.07868035   0.00734059
  0.07878187   0.00734347
  0.07888339   0.00734633
  0.07898491   0.00734916
  0.07908644   0.00735196
  0.07918796   0.00735474
  0.07928948   0.00735750
  0.07939100   0.00736022
  0.07949252   0.00736292
  0.07959404   0.00736560
  0.07969557   0.00736825
  0.07979709   0.00737087
  0.07989861   0.00737347
  0.08000013   0.00737604
  0.08010165   0.00737858
  0.08020317   0.00738110
  0.08030469   0.00738360
  0.08040622   0.00738606
  0.08050774   0.00738850
  0.08060926   0.00739092
  0.08071078   0.00739331
  0.08081230   0.00739567
  0.08091382   0.00739801
  0.08101535   0.00740032
  0.08111687   0.00740260
  0.08121839   0.00740486
  0.08131991   0.00740710
  0.08142143   0.00740930
  0.08152295   0.00741149
  0.08162447   0.00741364
  0.08172600   0.00741577
  0.08182752   0.00741787
  0.08192904   0.00741995
  0.08203056   0.00742200
  0.08213208   0.00742403
  0.08223360   0.00742603
  0.08233513   0.00742800
  0.08243665   0.00742995
  0.08253817   0.00743187
  0.08263969   0.00743376
  0.08274121   0.00743563
  0.08284273   0.00743748
  0.08294425   0.00743930
  0.08304578   0.00744109
  0.08314730   0.00744285
  0.08324882   0.00744459
  0.08335034   0.00744631
  0.08345186   0.00744799
  0.08355338   0.00744966
  0.08365490   0.00745129
  0.08375643   0.00745290
  0.08385795   0.00745448
  0.08395947   0.00745604
  0.08406099   0.00745757
  0.08416251   0.00745908
  0.08426403   0.00746056
  0.08436556   0.00746201
  0.08446708   0.00746344
  0.08456860   0.00746484
  0.08467012   0.00746622
  0.08477164   0.00746757
  0.08487316   0.00746889
  0.08497468   0.00747019
  0.08507621   0.00747147
  0.08517773   0.00747271
  0.08527925   0.00747393
  0.08538077   0.00747513
  0.08548229   0.00747629
  0.08558381   0.00747744
  0.08568534   0.00747855
  0.08578686   0.00747964
  0.08588838   0.00748071
  0.08598990   0.00748175
  0.08609142   0.00748276
  0.08619294   0.00748375
  0.08629446   0.00748471
  0.08639599   0.00748564
  0.08649751   0.00748655
  0.08659903   0.00748743
  0.08670055   0.00748829
  0.08680207   0.00748912
  0.08690359   0.00748992
  0.08700512   0.00749070
  0.08710664   0.00749146
  0.08720816   0.00749218
  0.08730968   0.00749288
  0.08741120   0.00749356
  0.08751272   0.00749421
  0.08761424   0.00749483
  0.08771577   0.00749543
  0.08781729   0.00749600
  0.08791881   0.00749654
  0.08802033   0.00749706
  0.08812185   0.00749756
  0.08822337   0.00749802
  0.08832489   0.00749847
  0.08842642   0.00749888
  0.08852794   0.00749927
  0.08862946   0.00749963
  0.08873098   0.00749997
  0.08883250   0.00750028
  0.08893402   0.00750057
  0.08903555   0.00750083
  0.08913707   0.00750106
  0.08923859   0.00750127
  0.08934011   0.00750145
  0.08944163   0.00750161
  0.08954315   0.00750174
  0.08964467   0.00750184
  0.08974620   0.00750192
  0.08984772   0.00750197
  0.08994924   0.00750200
  0.09005076   0.00750200
  0.09015228   0.00750197
  0.09025380   0.00750192
  0.09035533   0.00750184
  0.09045685   0.00750174
  0.09055837   0.00750161
  0.09065989   0.00750145
  0.09076141   0.00750127
  0.09086293   0.00750106
  0.09096445   0.00750083
  0.09106598   0.00750057
  0.09116750   0.00750028
  0.09126902   0.00749997
  0.09137054   0.00749963
  0.09147206   0.00749927
  0.09157358   0.00749888
  0.09167511   0.00749847
  0.09177663   0.00749802
  0.09187815   0.00749756
  0.09197967   0.00749706
  0.09208119   0.00749654
  0.09218271   0.00749600
  0.09228423   0.00749543
  0.09238576   0.00749483
  0.09248728   0.00749421
  0.09258880   0.00749356
  0.09269032   0.00749288
  0.09279184   0.00749218
  0.09289336   0.00749146
  0.09299488   0.00749070
  0.09309641   0.00748992
  0.09319793   0.00748912
  0.09329945   0.00748829
  0.09340097   0.00748743
  0.09350249   0.00748655
  0.09360401   0.00748564
  0.09370554   0.00748471
  0.09380706   0.00748375
  0.09390858   0.00748276
  0.09401010   0.00748175
  0.09411162   0.00748071
  0.09421314   0.00747964
  0.09431466   0.00747855
  0.09441619   0.00747744
  0.09451771   0.00747629
  0.09461923   0.00747513
  0.09472075   0.00747393
  0.09482227   0.00747271
  0.09492379   0.00747147
  0.09502532   0.00747019
  0.09512684   0.00746889
  0.09522836   0.00746757
  0.09532988   0.00746622
  0.09543140   0.00746484
  0.09553292   0.00746344
  0.09563444   0.00746201
  0.09573597   0.00746056
  0.09583749   0.00745908
  0.09593901   0.00745757
  0.09604053   0.00745604
  0.09614205   0.00745448
  0.09624357   0.00745290
  0.09634510   0.00745129
  0.09644662   0.00744966
  0.09654814   0.00744799
  0.09664966   0.00744631
  0.09675118   0.00744459
  0.09685270   0.00744285
  0.09695422   0.00744109
  0.09705575   0.00743930
  0.09715727   0.00743748
  0.09725879   0.00743563
  0.09736031   0.00743376
  0.09746183   0.00743187
  0.09756335   0.00742995
  0.09766487   0.00742800
  0.09776640   0.00742603
  0.09786792   0.00742403
  0.09796944   0.00742200
  0.09807096   0.00741995
  0.09817248   0.00741787
  0.09827400   0.00741577
  0.09837553   0.00741364
  0.09847705   0.00741149
  0.09857857   0.00740930
  0.09868009   0.00740710
  0.09878161   0.00740486
  0.09888313   0.00740260
  0.09898465   0.00740032
  0.09908618   0.00739801
  0.09918770   0.00739567
  0.09928922   0.00739331
  0.09939074   0.00739092
  0.09949226   0.00738850
  0.09959378   0.00738606
  0.09969531   0.00738360
  0.09979683   0.00738110
  0.09989835   0.00737858
  0.09999987   0.00737604
  0.10010139   0.00737347
  0.10020291   0.00737087
  0.10030443   0.00736825
  0.10040596   0.00736560
  0.10050748   0.00736292
  0.10060900   0.00736022
  0.10071052   0.00735750
  0.10081204   0.00735474
  0.10091356   0.00735196
  0.10101509   0.00734916
  0.10111661   0.00734633
  0.10121813   0.00734347
  0.10131965   0.00734059
  0.10142117   0.00733768
  0.10152269   0.00733475
  0.10162421   0.00733178
  0.10172574   0.00732880
  0.10182726   0.00732578
  0.10192878   0.00732275
  0.10203030   0.00731968
  0.10213182   0.00731659
  0.10223334   0.00731347
  0.10233486   0.00731033
  0.10243639   0.00730716
  0.10253791   0.00730397
  0.10263943   0.00730075
  0.10274095   0.00729750
  0.10284247   0.00729423
  0.10294399   0.00729093
  0.10304552   0.00728760
  0.10314704   0.00728425
  0.10324856   0.00728088
  0.10335008   0.00727747
  0.10345160   0.00727404
  0.10355312   0.00727059
  0.10365464   0.00726711
  0.10375617   0.00726360
  0.10385769   0.00726007
  0.10395921   0.00725651
  0.10406073   0.00725292
  0.10416225   0.00724931
  0.10426377   0.00724568
  0.10436530   0.00724201
  0.10446682   0.00723832
  0.10456834   0.00723461
  0.10466986   0.00723087
  0.10477138   0.00722710
  0.10487290   0.00722331
  0.10497442   0.00721949
  0.10507595   0.00721564
  0.10517747   0.00721177
  0.10527899   0.00720788
  0.10538051   0.00720395
  0.10548203   0.00720000
  0.10558355   0.00719603
  0.10568508   0.00719203
  0.10578660   0.00718800
  0.10588812   0.00718395
  0.10598964   0.00717987
  0.10609116   0.00717576
  0.10619268   0.00717163
  0.10629420   0.00716747
  0.10639573   0.00716329
  0.10649725   0.00715908
  0.10659877   0.00715485
  0.10670029   0.00715059
  0.10680181   0.00714630
  0.10690333   0.00714198
  0.10700485   0.00713765
  0.10710638   0.00713328
  0.10720790   0.00712889
  0.10730942   0.00712447
  0.10741094   0.00712003
  0.10751246   0.00711556
  0.10761398   0.00711106
  0.10771551   0.00710654
  0.10781703   0.00710199
  0.10791855   0.00709742
  0.10802007   0.00709282
  0.10812159   0.00708819
  0.10822311   0.00708354
  0.10832463   0.00707886
  0.10842616   0.00707416
  0.10852768   0.00706943
  0.10862920   0.00706467
  0.10873072   0.00705989
  0.10883224   0.00705508
  0.10893376   0.00705025
  0.10903529   0.00704539
  0.10913681   0.00704050
  0.10923833   0.00703559
  0.10933985   0.00703065
  0.10944137   0.00702569
  0.10954289   0.00702069
  0.10964441   0.00701568
  0.10974594   0.00701064
  0.10984746   0.00700557
  0.10994898   0.00700047
  0.11005050   0.00699535
  0.11015202   0.00699020
  0.11025354   0.00698503
  0.11035507   0.00697983
  0.11045659   0.00697461
  0.11055811   0.00696936
  0.11065963   0.00696408
  0.11076115   0.00695878
  0.11086267   0.00695345
  0.11096419   0.00694809
  0.11106572   0.00694271
  0.11116724   0.00693730
  0.11126876   0.00693187
  0.11137028   0.00692641
  0.11147180   0.00692092
  0.11157332   0.00691541
  0.11167484   0.00690987
  0.11177637   0.00690431
  0.11187789   0.00689872
  0.11197941   0.00689310
  0.11208093   0.00688746
  0.11218245   0.00688179
  0.11228397   0.00687610
  0.11238550   0.00687038
  0.11248702   0.00686463
  0.11258854   0.00685886
  0.11269006   0.00685306
  0.11279158   0.00684723
  0.11289310   0.00684138
  0.11299462   0.00683551
  0.11309615   0.00682960
  0.11319767   0.00682367
  0.11329919   0.00681772
  0.11340071   0.00681174
  0.11350223   0.00680573
  0.11360375   0.00679969
  0.11370528   0.00679363
  0.11380680   0.00678755
  0.11390832   0.00678144
  0.11400984   0.00677530
  0.11411136   0.00676913
  0.11421288   0.00676294
  0.11431440   0.00675673
  0.11441593   0.00675049
  0.11451745   0.00674422
  0.11461897   0.00673792
  0.11472049   0.00673160
  0.11482201   0.00672525
  0.11492353   0.00671888
  0.11502506   0.00671248
  0.11512658   0.00670606
  0.11522810   0.00669961
  0.11532962   0.00669313
  0.11543114   0.00668662
  0.11553266   0.00668010
  0.11563418   0.00667354
  0.11573571   0.00666696
  0.11583723   0.00666035
  0.11593875   0.00665372
  0.11604027   0.00664705
  0.11614179   0.00664037
  0.11624331   0.00663366
  0.11634483   0.00662692
  0.11644636   0.00662015
  0.11654788   0.00661336
  0.11664940   0.00660654
  0.11675092   0.00659970
  0.11685244   0.00659283
  0.11695396   0.00658594
  0.11705549   0.00657901
  0.11715701   0.00657207
  0.11725853   0.00656509
  0.11736005   0.00655809
  0.11746157   0.00655107
  0.11756309   0.00654401
  0.11766461   0.00653693
  0.11776614   0.00652983
  0.11786766   0.00652270
  0.11796918   0.00651554
  0.11807070   0.00650836
  0.11817222   0.00650115
  0.11827374   0.00649391
  0.11837527   0.00648665
  0.11847679   0.00647936
  0.11857831   0.00647205
  0.11867983   0.00646471
  0.11878135   0.00645734
  0.11888287   0.00644995
  0.11898439   0.00644253
  0.11908592   0.00643509
  0.11918744   0.00642762
  0.11928896   0.00642012
  0.11939048   0.00641260
  0.11949200   0.00640505
  0.11959352   0.00639747
  0.11969505   0.00638987
  0.11979657   0.00638224
  0.11989809   0.00637459
  0.11999961   0.00636691
  0.12010113   0.00635920
  0.12020265   0.00635147
  0.12030417   0.00634371
  0.12040570   0.00633592
  0.12050722   0.00632811
  0.12060874   0.00632027
  0.12071026   0.00631241
  0.12081178   0.00630452
  0.12091330   0.00629660
  0.12101482   0.00628866
  0.12111635   0.00628069
  0.12121787   0.00627270
  0.12131939   0.00626468
  0.12142091   0.00625663
  0.12152243   0.00624856
  0.12162395   0.00624046
  0.12172548   0.00623233
  0.12182700   0.00622418
  0.12192852   0.00621600
  0.12203004   0.00620780
  0.12213156   0.00619956
  0.12223308   0.00619131
  0.12233460   0.00618302
  0.12243613   0.00617472
  0.12253765   0.00616638
  0.12263917   0.00615802
  0.12274069   0.00614963
  0.12284221   0.00614122
  0.12294373   0.00613278
  0.12304526   0.00612431
  0.12314678   0.00611582
  0.12324830   0.00610730
  0.12334982   0.00609875
  0.12345134   0.00609018
  0.12355286   0.00608158
  0.12365438   0.00607296
  0.12375591   0.00606431
  0.12385743   0.00605563
  0.12395895   0.00604693
  0.12406047   0.00603820
  0.12416199   0.00602944
  0.12426351   0.00602066
  0.12436504   0.00601185
  0.12446656   0.00600302
  0.12456808   0.00599416
  0.12466960   0.00598527
  0.12477112   0.00597636
  0.12487264   0.00596742
  0.12497416   0.00595846
  0.12507569   0.00594946
  0.12517721   0.00594045
  0.12527873   0.00593140
  0.12538025   0.00592233
  0.12548177   0.00591323
  0.12558329   0.00590411
  0.12568481   0.00589496
  0.12578634   0.00588579
  0.12588786   0.00587658
  0.12598938   0.00586736
  0.12609090   0.00585810
  0.12619242   0.00584882
  0.12629394   0.00583951
  0.12639547   0.00583018
  0.12649699   0.00582082
  0.12659851   0.00581143
  0.12670003   0.00580202
  0.12680155   0.00579258
  0.12690307   0.00578312
  0.12700459   0.00577363
  0.12710612   0.00576411
  0.12720764   0.00575457
  0.12730916   0.00574500
  0.12741068   0.00573540
  0.12751220   0.00572578
  0.12761372   0.00571613
  0.12771525   0.00570645
  0.12781677   0.00569675
  0.12791829   0.00568702
  0.12801981   0.00567727
  0.12812133   0.00566749
  0.12822285   0.00565768
  0.12832437   0.00564785
  0.12842590   0.00563799
  0.12852742   0.00562810
  0.12862894   0.00561819
  0.12873046   0.00560825
  0.12883198   0.00559829
  0.12893350   0.00558830
  0.12903503   0.00557828
  0.12913655   0.00556824
  0.12923807   0.00555817
  0.12933959   0.00554807
  0.12944111   0.00553795
  0.12954263   0.00552780
  0.12964415   0.00551762
  0.12974568   0.00550742
  0.12984720   0.00549719
  0.12994872   0.00548694
  0.13005024   0.00547666
  0.13015176   0.00546635
  0.13025328   0.00545601
  0.13035480   0.00544565
  0.13045633   0.00543527
  0.13055785   0.00542485
  0.13065937   0.00541442
  0.13076089   0.00540395
  0.13086241   0.00539346
  0.13096393   0.00538294
  0.13106546   0.00537239
  0.13116698   0.00536182
  0.13126850   0.00535123
  0.13137002   0.00534060
  0.13147154   0.00532995
  0.13157306   0.00531927
  0.13167458   0.00530857
  0.13177611   0.00529784
  0.13187763   0.00528709
  0.13197915   0.00527630
  0.13208067   0.00526550
  0.13218219   0.00525466
  0.13228371   0.00524380
  0.13238524   0.00523291
  0.13248676   0.00522200
  0.13258828   0.00521106
  0.13268980   0.00520009
  0.13279132   0.00518909
  0.13289284   0.00517807
  0.13299436   0.00516703
  0.13309589   0.00515596
  0.13319741   0.00514486
  0.13329893   0.00513373
  0.13340045   0.00512258
  0.13350197   0.00511140
  0.13360349   0.00510019
  0.13370502   0.00508896
  0.13380654   0.00507771
  0.13390806   0.00506642
  0.13400958   0.00505511
  0.13411110   0.00504377
  0.13421262   0.00503241
  0.13431414   0.00502102
  0.13441567   0.00500960
  0.13451719   0.00499816
  0.13461871   0.00498669
  0.13472023   0.00497519
  0.13482175   0.00496367
  0.13492327   0.00495212
  0.13502479   0.00494055
  0.13512632   0.00492895
  0.13522784   0.00491732
  0.13532936   0.00490566
  0.13543088   0.00489398
  0.13553240   0.00488227
  0.13563392   0.00487054
  0.13573545   0.00485878
  0.13583697   0.00484699
  0.13593849   0.00483518
  0.13604001   0.00482334
  0.13614153   0.00481147
  0.13624305   0.00479958
  0.13634457   0.00478766
  0.13644610   0.00477571
  0.13654762   0.00476374
  0.13664914   0.00475174
  0.13675066   0.00473971
  0.13685218   0.00472766
  0.13695370   0.00471558
  0.13705523   0.00470348
  0.13715675   0.00469135
  0.13725827   0.00467919
  0.13735979   0.00466700
  0.13746131   0.00465479
  0.13756283   0.00464255
  0.13766435   0.00463029
  0.13776588   0.00461800
  0.13786740   0.00460568
  0.13796892   0.00459334
  0.13807044   0.00458097
  0.13817196   0.00456857
  0.13827348   0.00455615
  0.13837501   0.00454370
  0.13847653   0.00453122
  0.13857805   0.00451872
  0.13867957   0.00450619
  0.13878109   0.00449363
  0.13888261   0.00448105
  0.13898413   0.00446844
  0.13908566   0.00445580
  0.13918718   0.00444314
  0.13928870   0.00443045
  0.13939022   0.00441773
  0.13949174   0.00440499
  0.13959326   0.00439222
  0.13969478   0.00437943
  0.13979631   0.00436661
  0.13989783   0.00435376
  0.13999935   0.00434088
  0.14010087   0.00432798
  0.14020239   0.00431505
  0.14030391   0.00430210
  0.14040544   0.00428912
  0.14050696   0.00427611
  0.14060848   0.00426307
  0.14071000   0.00425001
  0.14071000   0.00425000
  0.14060848   0.00425000
  0.14050696   0.00425000
  0.14040544   0.00425000
  0.14030391   0.00425000
  0.14020239   0.00425000
  0.14010087   0.00425000
  0.13999935   0.00425000
  0.13989783   0.00425000
  0.13979631   0.00425000
  0.13969478   0.00425000
  0.13959326   0.00425000
  0.13949174   0.00425000
  0.13939022   0.00425000
  0.13928870   0.00425000
  0.13918718   0.00425000
  0.13908566   0.00425000
  0.13898413   0.00425000
  0.13888261   0.00425000
  0.13878109   0.00425000
  0.13867957   0.00425000
  0.13857805   0.00425000
  0.13847653   0.00425000
  0.13837501   0.00425000
  0.13827348   0.00425000
  0.13817196   0.00425000
  0.13807044   0.00425000
  0.13796892   0.00425000
  0.13786740   0.00425000
  0.13776588   0.00425000
  0.13766435   0.00425000
  0.13756283   0.00425000
  0.13746131   0.00425000
  0.13735979   0.00425000
  0.13725827   0.00425000
  0.13715675   0.00425000
  0.13705523   0.00425000
  0.13695370   0.00425000
  0.13685218   0.00425000
  0.13675066   0.00425000
  0.13664914   0.00425000
  0.13654762   0.00425000
  0.13644610   0.00425000
  0.13634457   0.00425000
  0.13624305   0.00425000
  0.13614153   0.00425000
  0.13604001   0.00425000
  0.13593849   0.00425000
  0.13583697   0.00425000
  0.13573545   0.00425000
  0.13563392   0.00425000
  0.13553240   0.00425000
  0.13543088   0.00425000
  0.13532936   0.00425000
  0.13522784   0.00425000
  0.13512632   0.00425000
  0.13502479   0.00425000
  0.13492327   0.00425000
  0.13482175   0.00425000
  0.13472023   0.00425000
  0.13461871   0.00425000
  0.13451719   0.00425000
  0.13441567   0.00425000
  0.13431414   0.00425000
  0.13421262   0.00425000
  0.13411110   0.00425000
  0.13400958   0.00425000
  0.13390806   0.00425000
  0.13380654   0.00425000
  0.13370502   0.00425000
  0.13360349   0.00425000
  0.13350197   0.00425000
  0.13340045   0.00425000
  0.13329893   0.00425000
  0.13319741   0.00425000
  0.13309589   0.00425000
  0.13299436   0.00425000
  0.13289284   0.00425000
  0.13279132   0.00425000
  0.13268980   0.00425000
  0.13258828   0.00425000
  0.13248676   0.00425000
  0.13238524   0.00425000
  0.13228371   0.00425000
  0.13218219   0.00425000
  0.13208067   0.00425000
  0.13197915   0.00425000
  0.13187763   0.00425000
  0.13177611   0.00425000
  0.13167458   0.00425000
  0.13157306   0.00425000
  0.13147154   0.00425000
  0.13137002   0.00425000
  0.13126850   0.00425000
  0.13116698   0.00425000
  0.13106546   0.00425000
  0.13096393   0.00425000
  0.13086241   0.00425000
  0.13076089   0.00425000
  0.13065937   0.00425000
  0.13055785   0.00425000
  0.13045633   0.00425000
  0.13035480   0.00425000
  0.13025328   0.00425000
  0.13015176   0.00425000
  0.13005024   0.00425000
  0.12994872   0.00425000
  0.12984720   0.00425000
  0.12974568   0.00425000
  0.12964415   0.00425000
  0.12954263   0.00425000
  0.12944111   0.00425000
  0.12933959   0.00425000
  0.12923807   0.00425000
  0.12913655   0.00425000
  0.12903503   0.00425000
  0.12893350   0.00425000
  0.12883198   0.00425000
  0.12873046   0.00425000
  0.12862894   0.00425000
  0.12852742   0.00425000
  0.12842590   0.00425000
  0.12832437   0.00425000
  0.12822285   0.00425000
  0.12812133   0.00425000
  0.12801981   0.00425000
  0.12791829   0.00425000
  0.12781677   0.00425000
  0.12771525   0.00425000
  0.12761372   0.00425000
  0.12751220   0.00425000
  0.12741068   0.00425000
  0.12730916   0.00425000
  0.12720764   0.00425000
  0.12710612   0.00425000
  0.12700459   0.00425000
  0.12690307   0.00425000
  0.12680155   0.00425000
  0.12670003   0.00425000
  0.12659851   0.00425000
  0.12649699   0.00425000
  0.12639547   0.00425000
  0.12629394   0.00425000
  0.12619242   0.00425000
  0.12609090   0.00425000
  0.12598938   0.00425000
  0.12588786   0.00425000
  0.12578634   0.00425000
  0.12568481   0.00425000
  0.12558329   0.00425000
  0.12548177   0.00425000
  0.12538025   0.00425000
  0.12527873   0.00425000
  0.12517721   0.00425000
  0.12507569   0.00425000
  0.12497416   0.00425000
  0.12487264   0.00425000
  0.12477112   0.00425000
  0.12466960   0.00425000
  0.12456808   0.00425000
  0.12446656   0.00425000
  0.12436504   0.00425000
  0.12426351   0.00425000
  0.12416199   0.00425000
  0.12406047   0.00425000
  0.12395895   0.00425000
  0.12385743   0.00425000
  0.12375591   0.00425000
  0.12365438   0.00425000
  0.12355286   0.00425000
  0.12345134   0.00425000
  0.12334982   0.00425000
  0.12324830   0.00425000
  0.12314678   0.00425000
  0.12304526   0.00425000
  0.12294373   0.00425000
  0.12284221   0.00425000
  0.12274069   0.00425000
  0.12263917   0.00425000
  0.12253765   0.00425000
  0.12243613   0.00425000
  0.12233460   0.00425000
  0.12223308   0.00425000
  0.12213156   0.00425000
  0.12203004   0.00425000
  0.12192852   0.00425000
  0.12182700   0.00425000
  0.12172548   0.00425000
  0.12162395   0.00425000
  0.12152243   0.00425000
  0.12142091   0.00425000
  0.12131939   0.00425000
  0.12121787   0.00425000
  0.12111635   0.00425000
  0.12101482   0.00425000
  0.12091330   0.00425000
  0.12081178   0.00425000
  0.12071026   0.00425000
  0.12060874   0.00425000
  0.12050722   0.00425000
  0.12040570   0.00425000
  0.12030417   0.00425000
  0.12020265   0.00425000
  0.12010113   0.00425000
  0.11999961   0.00425000
  0.11989809   0.00425000
  0.11979657   0.00425000
  0.11969505   0.00425000
  0.11959352   0.00425000
  0.11949200   0.00425000
  0.11939048   0.00425000
  0.11928896   0.00425000
  0.11918744   0.00425000
  0.11908592   0.00425000
  0.11898439   0.00425000
  0.11888287   0.00425000
  0.11878135   0.00425000
  0.11867983   0.00425000
  0.11857831   0.00425000
  0.11847679   0.00425000
  0.11837527   0.00425000
  0.11827374   0.00425000
  0.11817222   0.00425000
  0.11807070   0.00425000
  0.11796918   0.00425000
  0.11786766   0.00425000
  0.11776614   0.00425000
  0.11766461   0.00425000
  0.11756309   0.00425000
  0.11746157   0.00425000
  0.11736005   0.00425000
  0.11725853   0.00425000
  0.11715701   0.00425000
  0.11705549   0.00425000
  0.11695396   0.00425000
  0.11685244   0.00425000
  0.11675092   0.00425000
  0.11664940   0.00425000
  0.11654788   0.00425000
  0.11644636   0.00425000
  0.11634483   0.00425000
  0.11624331   0.00425000
  0.11614179   0.00425000
  0.11604027   0.00425000
  0.11593875   0.00425000
  0.11583723   0.00425000
  0.11573571   0.00425000
  0.11563418   0.00425000
  0.11553266   0.00425000
  0.11543114   0.00425000
  0.11532962   0.00425000
  0.11522810   0.00425000
  0.11512658   0.00425000
  0.11502506   0.00425000
  0.11492353   0.00425000
  0.11482201   0.00425000
  0.11472049   0.00425000
  0.11461897   0.00425000
  0.11451745   0.00425000
  0.11441593   0.00425000
  0.11431440   0.00425000
  0.11421288   0.00425000
  0.11411136   0.00425000
  0.11400984   0.00425000
  0.11390832   0.00425000
  0.11380680   0.00425000
  0.11370528   0.00425000
  0.11360375   0.00425000
  0.11350223   0.00425000
  0.11340071   0.00425000
  0.11329919   0.00425000
  0.11319767   0.00425000
  0.11309615   0.00425000
  0.11299462   0.00425000
  0.11289310   0.00425000
  0.11279158   0.00425000
  0.11269006   0.00425000
  0.11258854   0.00425000
  0.11248702   0.00425000
  0.11238550   0.00425000
  0.11228397   0.00425000
  0.11218245   0.00425000
  0.11208093   0.00425000
  0.11197941   0.00425000
  0.11187789   0.00425000
  0.11177637   0.00425000
  0.11167484   0.00425000
  0.11157332   0.00425000
  0.11147180   0.00425000
  0.11137028   0.00425000
  0.11126876   0.00425000
  0.11116724   0.00425000
  0.11106572   0.00425000
  0.11096419   0.00425000
  0.11086267   0.00425000
  0.11076115   0.00425000
  0.11065963   0.00425000
  0.11055811   0.00425000
  0.11045659   0.00425000
  0.11035507   0.00425000
  0.11025354   0.00425000
  0.11015202   0.00425000
  0.11005050   0.00425000
  0.10994898   0.00425000
  0.10984746   0.00425000
  0.10974594   0.00425000
  0.10964441   0.00425000
  0.10954289   0.00425000
  0.10944137   0.00425000
  0.10933985   0.00425000
  0.10923833   0.00425000
  0.10913681   0.00425000
  0.10903529   0.00425000
  0.10893376   0.00425000
  0.10883224   0.00425000
  0.10873072   0.00425000
  0.10862920   0.00425000
  0.10852768   0.00425000
  0.10842616   0.00425000
  0.10832463   0.00425000
  0.10822311   0.00425000
  0.10812159   0.00425000
  0.10802007   0.00425000
  0.10791855   0.00425000
  0.10781703   0.00425000
  0.10771551   0.00425000
  0.10761398   0.00425000
  0.10751246   0.00425000
  0.10741094   0.00425000
  0.10730942   0.00425000
  0.10720790   0.00425000
  0.10710638   0.00425000
  0.10700485   0.00425000
  0.10690333   0.00425000
  0.10680181   0.00425000
  0.10670029   0.00425000
  0.10659877   0.00425000
  0.10649725   0.00425000
  0.10639573   0.00425000
  0.10629420   0.00425000
  0.10619268   0.00425000
  0.10609116   0.00425000
  0.10598964   0.00425000
  0.10588812   0.00425000
  0.10578660   0.00425000
  0.10568508   0.00425000
  0.10558355   0.00425000
  0.10548203   0.00425000
  0.10538051   0.00425000
  0.10527899   0.00425000
  0.10517747   0.00425000
  0.10507595   0.00425000
  0.10497442   0.00425000
  0.10487290   0.00425000
  0.10477138   0.00425000
  0.10466986   0.00425000
  0.10456834   0.00425000
  0.10446682   0.00425000
  0.10436530   0.00425000
  0.10426377   0.00425000
  0.10416225   0.00425000
  0.10406073   0.00425000
  0.10395921   0.00425000
  0.10385769   0.00425000
  0.10375617   0.00425000
  0.10365464   0.00425000
  0.10355312   0.00425000
  0.10345160   0.00425000
  0.10335008   0.00425000
  0.10324856   0.00425000
  0.10314704   0.00425000
  0.10304552   0.00425000
  0.10294399   0.00425000
  0.10284247   0.00425000
  0.10274095   0.00425000
  0.10263943   0.00425000
  0.10253791   0.00425000
  0.10243639   0.00425000
  0.10233486   0.00425000
  0.10223334   0.00425000
  0.10213182   0.00425000
  0.10203030   0.00425000
  0.10192878   0.00425000
  0.10182726   0.00425000
  0.10172574   0.00425000
  0.10162421   0.00425000
  0.10152269   0.00425000
  0.10142117   0.00425000
  0.10131965   0.00425000
  0.10121813   0.00425000
  0.10111661   0.00425000
  0.10101509   0.00425000
  0.10091356   0.00425000
  0.10081204   0.00425000
  0.10071052   0.00425000
  0.10060900   0.00425000
  0.10050748   0.00425000
  0.10040596   0.00425000
  0.10030443   0.00425000
  0.10020291   0.00425000
  0.10010139   0.00425000
  0.09999987   0.00425000
  0.09989835   0.00425000
  0.09979683   0.00425000
  0.09969531   0.00425000
  0.09959378   0.00425000
  0.09949226   0.00425000
  0.09939074   0.00425000
  0.09928922   0.00425000
  0.09918770   0.00425000
  0.09908618   0.00425000
  0.09898465   0.00425000
  0.09888313   0.00425000
  0.09878161   0.00425000
  0.09868009   0.00425000
  0.09857857   0.00425000
  0.09847705   0.00425000
  0.09837553   0.00425000
  0.09827400   0.00425000
  0.09817248   0.00425000
  0.09807096   0.00425000
  0.09796944   0.00425000
  0.09786792   0.00425000
  0.09776640   0.00425000
  0.09766487   0.00425000
  0.09756335   0.00425000
  0.09746183   0.00425000
  0.09736031   0.00425000
  0.09725879   0.00425000
  0.09715727   0.00425000
  0.09705575   0.00425000
  0.09695422   0.00425000
  0.09685270   0.00425000
  0.09675118   0.00425000
  0.09664966   0.00425000
  0.09654814   0.00425000
  0.09644662   0.00425000
  0.09634510   0.00425000
  0.09624357   0.00425000
  0.09614205   0.00425000
  0.09604053   0.00425000
  0.09593901   0.00425000
  0.09583749   0.00425000
  0.09573597   0.00425000
  0.09563444   0.00425000
  0.09553292   0.00425000
  0.09543140   0.00425000
  0.09532988   0.00425000
  0.09522836   0.00425000
  0.09512684   0.00425000
  0.09502532   0.00425000
  0.09492379   0.00425000
  0.09482227   0.00425000
  0.09472075   0.00425000
  0.09461923   0.00425000
  0.09451771   0.00425000
  0.09441619   0.00425000
  0.09431466   0.00425000
  0.09421314   0.00425000
  0.09411162   0.00425000
  0.09401010   0.00425000
  0.09390858   0.00425000
  0.09380706   0.00425000
  0.09370554   0.00425000
  0.09360401   0.00425000
  0.09350249   0.00425000
  0.09340097   0.00425000
  0.09329945   0.00425000
  0.09319793   0.00425000
  0.09309641   0.00425000
  0.09299488   0.00425000
  0.09289336   0.00425000
  0.09279184   0.00425000
  0.09269032   0.00425000
  0.09258880   0.00425000
  0.09248728   0.00425000
  0.09238576   0.00425000
  0.09228423   0.00425000
  0.09218271   0.00425000
  0.09208119   0.00425000
  0.09197967   0.00425000
  0.09187815   0.00425000
  0.09177663   0.00425000
  0.09167511   0.00425000
  0.09157358   0.00425000
  0.09147206   0.00425000
  0.09137054   0.00425000
  0.09126902   0.00425000
  0.09116750   0.00425000
  0.09106598   0.00425000
  0.09096445   0.00425000
  0.09086293   0.00425000
  0.09076141   0.00425000
  0.09065989   0.00425000
  0.09055837   0.00425000
  0.09045685   0.00425000
  0.09035533   0.00425000
  0.09025380   0.00425000
  0.09015228   0.00425000
  0.09005076   0.00425000
  0.08994924   0.00425000
  0.08984772   0.00425000
  0.08974620   0.00425000
  0.08964467   0.00425000
  0.08954315   0.00425000
  0.08944163   0.00425000
  0.08934011   0.00425000
  0.08923859   0.00425000
  0.08913707   0.00425000
  0.08903555   0.00425000
  0.08893402   0.00425000
  0.08883250   0.00425000
  0.08873098   0.00425000
  0.08862946   0.00425000
  0.08852794   0.00425000
  0.08842642   0.00425000
  0.08832489   0.00425000
  0.08822337   0.00425000
  0.08812185   0.00425000
  0.08802033   0.00425000
  0.08791881   0.00425000
  0.08781729   0.00425000
  0.08771577   0.00425000
  0.08761424   0.00425000
  0.08751272   0.00425000
  0.08741120   0.00425000
  0.08730968   0.00425000
  0.08720816   0.00425000
  0.08710664   0.00425000
  0.08700512   0.00425000
  0.08690359   0.00425000
  0.08680207   0.00425000
  0.08670055   0.00425000
  0.08659903   0.00425000
  0.08649751   0.00425000
  0.08639599   0.00425000
  0.08629446   0.00425000
  0.08619294   0.00425000
  0.08609142   0.00425000
  0.08598990   0.00425000
  0.08588838   0.00425000
  0.08578686   0.00425000
  0.08568534   0.00425000
  0.08558381   0.00425000
  0.08548229   0.00425000
  0.08538077   0.00425000
  0.08527925   0.00425000
  0.08517773   0.00425000
  0.08507621   0.00425000
  0.08497468   0.00425000
  0.08487316   0.00425000
  0.08477164   0.00425000
  0.08467012   0.00425000
  0.08456860   0.00425000
  0.08446708   0.00425000
  0.08436556   0.00425000
  0.08426403   0.00425000
  0.08416251   0.00425000
  0.08406099   0.00425000
  0.08395947   0.00425000
  0.08385795   0.00425000
  0.08375643   0.00425000
  0.08365490   0.00425000
  0.08355338   0.00425000
  0.08345186   0.00425000
  0.08335034   0.00425000
  0.08324882   0.00425000
  0.08314730   0.00425000
  0.08304578   0.00425000
  0.08294425   0.00425000
  0.08284273   0.00425000
  0.08274121   0.00425000
  0.08263969   0.00425000
  0.08253817   0.00425000
  0.08243665   0.00425000
  0.08233513   0.00425000
  0.08223360   0.00425000
  0.08213208   0.00425000
  0.08203056   0.00425000
  0.08192904   0.00425000
  0.08182752   0.00425000
  0.08172600   0.00425000
  0.08162447   0.00425000
  0.08152295   0.00425000
  0.08142143   0.00425000
  0.08131991   0.00425000
  0.08121839   0.00425000
  0.08111687   0.00425000
  0.08101535   0.00425000
  0.08091382   0.00425000
  0.08081230   0.00425000
  0.08071078   0.00425000
  0.08060926   0.00425000
  0.08050774   0.00425000
  0.08040622   0.00425000
  0.08030469   0.00425000
  0.08020317   0.00425000
  0.08010165   0.00425000
  0.08000013   0.00425000
  0.07989861   0.00425000
  0.07979709   0.00425000
  0.07969557   0.00425000
  0.07959404   0.00425000
  0.07949252   0.00425000
  0.07939100   0.00425000
  0.07928948   0.00425000
  0.07918796   0.00425000
  0.07908644   0.00425000
  0.07898491   0.00425000
  0.07888339   0.00425000
  0.07878187   0.00425000
  0.07868035   0.00425000
  0.07857883   0.00425000
  0.07847731   0.00425000
  0.07837579   0.00425000
  0.07827426   0.00425000
  0.07817274   0.00425000
  0.07807122   0.00425000
  0.07796970   0.00425000
  0.07786818   0.00425000
  0.07776666   0.00425000
  0.07766514   0.00425000
  0.07756361   0.00425000
  0.07746209   0.00425000
  0.07736057   0.00425000
  0.07725905   0.00425000
  0.07715753   0.00425000
  0.07705601   0.00425000
  0.07695448   0.00425000
  0.07685296   0.00425000
  0.07675144   0.00425000
  0.07664992   0.00425000
  0.07654840   0.00425000
  0.07644688   0.00425000
  0.07634536   0.00425000
  0.07624383   0.00425000
  0.07614231   0.00425000
  0.07604079   0.00425000
  0.07593927   0.00425000
  0.07583775   0.00425000
  0.07573623   0.00425000
  0.07563470   0.00425000
  0.07553318   0.00425000
  0.07543166   0.00425000
  0.07533014   0.00425000
  0.07522862   0.00425000
  0.07512710   0.00425000
  0.07502558   0.00425000
  0.07492405   0.00425000
  0.07482253   0.00425000
  0.07472101   0.00425000
  0.07461949   0.00425000
  0.07451797   0.00425000
  0.07441645   0.00425000
  0.07431492   0.00425000
  0.07421340   0.00425000
  0.07411188   0.00425000
  0.07401036   0.00425000
  0.07390884   0.00425000
  0.07380732   0.00425000
  0.07370580   0.00425000
  0.07360427   0.00425000
  0.07350275   0.00425000
  0.07340123   0.00425000
  0.07329971   0.00425000
  0.07319819   0.00425000
  0.07309667   0.00425000
  0.07299515   0.00425000
  0.07289362   0.00425000
  0.07279210   0.00425000
  0.07269058   0.00425000
  0.07258906   0.00425000
  0.07248754   0.00425000
  0.07238602   0.00425000
  0.07228449   0.00425000
  0.07218297   0.00425000
  0.07208145   0.00425000
  0.07197993   0.00425000
  0.07187841   0.00425000
  0.07177689   0.00425000
  0.07167537   0.00425000
  0.07157384   0.00425000
  0.07147232   0.00425000
  0.07137080   0.00425000
  0.07126928   0.00425000
  0.07116776   0.00425000
  0.07106624   0.00425000
  0.07096471   0.00425000
  0.07086319   0.00425000
  0.07076167   0.00425000
  0.07066015   0.00425000
  0.07055863   0.00425000
  0.07045711   0.00425000
  0.07035559   0.00425000
  0.07025406   0.00425000
  0.07015254   0.00425000
  0.07005102   0.00425000
  0.06994950   0.00425000
  0.06984798   0.00425000
  0.06974646   0.00425000
  0.06964493   0.00425000
  0.06954341   0.00425000
  0.06944189   0.00425000
  0.06934037   0.00425000
  0.06923885   0.00425000
  0.06913733   0.00425000
  0.06903581   0.00425000
  0.06893428   0.00425000
  0.06883276   0.00425000
  0.06873124   0.00425000
  0.06862972   0.00425000
  0.06852820   0.00425000
  0.06842668   0.00425000
  0.06832516   0.00425000
  0.06822363   0.00425000
  0.06812211   0.00425000
  0.06802059   0.00425000
  0.06791907   0.00425000
  0.06781755   0.00425000
  0.06771603   0.00425000
  0.06761450   0.00425000
  0.06751298   0.00425000
  0.06741146   0.00425000
  0.06730994   0.00425000
  0.06720842   0.00425000
  0.06710690   0.00425000
  0.06700538   0.00425000
  0.06690385   0.00425000
  0.06680233   0.00425000
  0.06670081   0.00425000
  0.06659929   0.00425000
  0.06649777   0.00425000
  0.06639625   0.00425000
  0.06629472   0.00425000
  0.06619320   0.00425000
  0.06609168   0.00425000
  0.06599016   0.00425000
  0.06588864   0.00425000
  0.06578712   0.00425000
  0.06568560   0.00425000
  0.06558407   0.00425000
  0.06548255   0.00425000
  0.06538103   0.00425000
  0.06527951   0.00425000
  0.06517799   0.00425000
  0.06507647   0.00425000
  0.06497494   0.00425000
  0.06487342   0.00425000
  0.06477190   0.00425000
  0.06467038   0.00425000
  0.06456886   0.00425000
  0.06446734   0.00425000
  0.06436582   0.00425000
  0.06426429   0.00425000
  0.06416277   0.00425000
  0.06406125   0.00425000
  0.06395973   0.00425000
  0.06385821   0.00425000
  0.06375669   0.00425000
  0.06365517   0.00425000
  0.06355364   0.00425000
  0.06345212   0.00425000
  0.06335060   0.00425000
  0.06324908   0.00425000
  0.06314756   0.00425000
  0.06304604   0.00425000
  0.06294451   0.00425000
  0.06284299   0.00425000
  0.06274147   0.00425000
  0.06263995   0.00425000
  0.06253843   0.00425000
  0.06243691   0.00425000
  0.06233539   0.00425000
  0.06223386   0.00425000
  0.06213234   0.00425000
  0.06203082   0.00425000
  0.06192930   0.00425000
  0.06182778   0.00425000
  0.06172626   0.00425000
  0.06162473   0.00425000
  0.06152321   0.00425000
  0.06142169   0.00425000
  0.06132017   0.00425000
  0.06121865   0.00425000
  0.06111713   0.00425000
  0.06101561   0.00425000
  0.06091408   0.00425000
  0.06081256   0.00425000
  0.06071104   0.00425000
  0.06060952   0.00425000
  0.06050800   0.00425000
  0.06040648   0.00425000
  0.06030495   0.00425000
  0.06020343   0.00425000
  0.06010191   0.00425000
  0.06000039   0.00425000
  0.05989887   0.00425000
  0.05979735   0.00425000
  0.05969583   0.00425000
  0.05959430   0.00425000
  0.05949278   0.00425000
  0.05939126   0.00425000
  0.05928974   0.00425000
  0.05918822   0.00425000
  0.05908670   0.00425000
  0.05898518   0.00425000
  0.05888365   0.00425000
  0.05878213   0.00425000
  0.05868061   0.00425000
  0.05857909   0.00425000
  0.05847757   0.00425000
  0.05837605   0.00425000
  0.05827452   0.00425000
  0.05817300   0.00425000
  0.05807148   0.00425000
  0.05796996   0.00425000
  0.05786844   0.00425000
  0.05776692   0.00425000
  0.05766540   0.00425000
  0.05756387   0.00425000
  0.05746235   0.00425000
  0.05736083   0.00425000
  0.05725931   0.00425000
  0.05715779   0.00425000
  0.05705627   0.00425000
  0.05695474   0.00425000
  0.05685322   0.00425000
  0.05675170   0.00425000
  0.05665018   0.00425000
  0.05654866   0.00425000
  0.05644714   0.00425000
  0.05634562   0.00425000
  0.05624409   0.00425000
  0.05614257   0.00425000
  0.05604105   0.00425000
  0.05593953   0.00425000
  0.05583801   0.00425000
  0.05573649   0.00425000
  0.05563496   0.00425000
  0.05553344   0.00425000
  0.05543192   0.00425000
  0.05533040   0.00425000
  0.05522888   0.00425000
  0.05512736   0.00425000
  0.05502584   0.00425000
  0.05492431   0.00425000
  0.05482279   0.00425000
  0.05472127   0.00425000
  0.05461975   0.00425000
  0.05451823   0.00425000
  0.05441671   0.00425000
  0.05431519   0.00425000
  0.05421366   0.00425000
  0.05411214   0.00425000
  0.05401062   0.00425000
  0.05390910   0.00425000
  0.05380758   0.00425000
  0.05370606   0.00425000
  0.05360453   0.00425000
  0.05350301   0.00425000
  0.05340149   0.00425000
  0.05329997   0.00425000
  0.05319845   0.00425000
  0.05309693   0.00425000
  0.05299541   0.00425000
  0.05289388   0.00425000
  0.05279236   0.00425000
  0.05269084   0.00425000
  0.05258932   0.00425000
  0.05248780   0.00425000
  0.05238628   0.00425000
  0.05228475   0.00425000
  0.05218323   0.00425000
  0.05208171   0.00425000
  0.05198019   0.00425000
  0.05187867   0.00425000
  0.05177715   0.00425000
  0.05167563   0.00425000
  0.05157410   0.00425000
  0.05147258   0.00425000
  0.05137106   0.00425000
  0.05126954   0.00425000
  0.05116802   0.00425000
  0.05106650   0.00425000
  0.05096497   0.00425000
  0.05086345   0.00425000
  0.05076193   0.00425000
  0.05066041   0.00425000
  0.05055889   0.00425000
  0.05045737   0.00425000
  0.05035585   0.00425000
  0.05025432   0.00425000
  0.05015280   0.00425000
  0.05005128   0.00425000
  0.04994976   0.00425000
  0.04984824   0.00425000
  0.04974672   0.00425000
  0.04964520   0.00425000
  0.04954367   0.00425000
  0.04944215   0.00425000
  0.04934063   0.00425000
  0.04923911   0.00425000
  0.04913759   0.00425000
  0.04903607   0.00425000
  0.04893454   0.00425000
  0.04883302   0.00425000
  0.04873150   0.00425000
  0.04862998   0.00425000
  0.04852846   0.00425000
  0.04842694   0.00425000
  0.04832542   0.00425000
  0.04822389   0.00425000
  0.04812237   0.00425000
  0.04802085   0.00425000
  0.04791933   0.00425000
  0.04781781   0.00425000
  0.04771629   0.00425000
  0.04761476   0.00425000
  0.04751324   0.00425000
  0.04741172   0.00425000
  0.04731020   0.00425000
  0.04720868   0.00425000
  0.04710716   0.00425000
  0.04700564   0.00425000
  0.04690411   0.00425000
  0.04680259   0.00425000
  0.04670107   0.00425000
  0.04659955   0.00425000
  0.04649803   0.00425000
  0.04639651   0.00425000
  0.04629498   0.00425000
  0.04619346   0.00425000
  0.04609194   0.00425000
  0.04599042   0.00425000
  0.04588890   0.00425000
  0.04578738   0.00425000
  0.04568586   0.00425000
  0.04558433   0.00425000
  0.04548281   0.00425000
  0.04538129   0.00425000
  0.04527977   0.00425000
  0.04517825   0.00425000
  0.04507673   0.00425000
  0.04497521   0.00425000
  0.04487368   0.00425000
  0.04477216   0.00425000
  0.04467064   0.00425000
  0.04456912   0.00425000
  0.04446760   0.00425000
  0.04436608   0.00425000
  0.04426455   0.00425000
  0.04416303   0.00425000
  0.04406151   0.00425000
  0.04395999   0.00425000
  0.04385847   0.00425000
  0.04375695   0.00425000
  0.04365543   0.00425000
  0.04355390   0.00425000
  0.04345238   0.00425000
  0.04335086   0.00425000
  0.04324934   0.00425000
  0.04314782   0.00425000
  0.04304630   0.00425000
  0.04294477   0.00425000
  0.04284325   0.00425000
  0.04274173   0.00425000
  0.04264021   0.00425000
  0.04253869   0.00425000
  0.04243717   0.00425000
  0.04233565   0.00425000
  0.04223412   0.00425000
  0.04213260   0.00425000
  0.04203108   0.00425000
  0.04192956   0.00425000
  0.04182804   0.00425000
  0.04172652   0.00425000
  0.04162499   0.00425000
  0.04152347   0.00425000
  0.04142195   0.00425000
  0.04132043   0.00425000
  0.04121891   0.00425000
  0.04111739   0.00425000
  0.04101587   0.00425000
  0.04091434   0.00425000
  0.04081282   0.00425000
  0.04071130   0.00425000
  0.04060978   0.00425000
  0.04050826   0.00425000
  0.04040674   0.00425000
  0.04030522   0.00425000
  0.04020369   0.00425000
  0.04010217   0.00425000
  0.04000065   0.00425000
  0.03989913   0.00425000
  0.03979761   0.00425000
  0.03969609   0.00425000
  0.03959456   0.00425000
  0.03949304   0.00425000
  0.03939152   0.00425000
  0.03929000   0.00425001
