  0.03929000   0.00425000
  0.03939266   0.00428203
  0.03949532   0.00431405
  0.03959797   0.00434608
  0.03970063   0.00437810
  0.03980329   0.00441013
  0.03990595   0.00444215
  0.04000861   0.00447418
  0.04011127   0.00450620
  0.04021392   0.00453823
  0.04031658   0.00457025
  0.04041924   0.00460228
  0.04052190   0.00463430
  0.04062456   0.00466633
  0.04072722   0.00469835
  0.04082987   0.00473038
  0.04093253   0.00476241
  0.04103519   0.00479443
  0.04113785   0.00482646
  0.04124051   0.00485848
  0.04134316   0.00489051
  0.04144582   0.00492253
  0.04154848   0.00495456
  0.04165114   0.00498658
  0.04175380   0.00501861
  0.04185646   0.00505063
  0.04195911   0.00508266
  0.04206177   0.00511468
  0.04216443   0.00514671
  0.04226709   0.00517873
  0.04236975   0.00521076
  0.04247241   0.00524278
  0.04257506   0.00527481
  0.04267772   0.00530684
  0.04278038   0.00533886
  0.04288304   0.00537089
  0.04298570   0.00540291
  0.04308835   0.00543494
  0.04319101   0.00546696
  0.04329367   0.00549899
  0.04339633   0.00553101
  0.04349899   0.00556304
  0.04360165   0.00559506
  0.04370430   0.00562709
  0.04380696   0.00565911
  0.04390962   0.00569114
  0.04401228   0.00572316
  0.04411494   0.00575519
  0.04421759   0.00578722
  0.04432025   0.00581924
  0.04442291   0.00585127
  0.04452557   0.00588329
  0.04462823   0.00591532
  0.04473089   0.00594734
  0.04483354   0.00597937
  0.04493620   0.00601139
  0.04503886   0.00604342
  0.04514152   0.00607544
  0.04524418   0.00610747
  0.04534684   0.00613949
  0.04544949   0.00617152
  0.04555215   0.00620354
  0.04565481   0.00623557
  0.04575747   0.00626759
  0.04586013   0.00629962
  0.04596278   0.00633165
  0.04606544   0.00636367
  0.04616810   0.00639570
  0.04627076   0.00642772
  0.04637342   0.00645975
  0.04647608   0.00649177
  0.04657873   0.00652380
  0.04668139   0.00655582
  0.04678405   0.00658785
  0.04688671   0.00661987
  0.04698937   0.00665190
  0.04709203   0.00668392
  0.04719468   0.00671595
  0.04729734   0.00674797
  0.04740000   0.00678000
  0.04750108   0.00680277
  0.04760215   0.00682554
  0.04770323   0.00684831
  0.04780431   0.00687108
  0.04790538   0.00689385
  0.04800646   0.00691662
  0.04810754   0.00693938
  0.04820862   0.00696215
  0.04830969   0.00698492
  0.04841077   0.00700769
  0.04851185   0.00703046
  0.04861292   0.00705323
  0.04871400   0.00707600
  0.04881508   0.00709877
  0.04891615   0.00712154
  0.04901723   0.00714431
  0.04911831   0.00716708
  0.04921938   0.00718985
  0.04932046   0.00721262
  0.04942154   0.00723538
  0.04952262   0.00725815
  0.04962369   0.00728092
  0.04972477   0.00730369
  0.04982585   0.00732646
  0.04992692   0.00734923
  0.05002800   0.00737200
  0.05012908   0.00739477
  0.05023015   0.00741754
  0.05033123   0.00744031
  0.05043231   0.00746308
  0.05053338   0.00748585
  0.05063446   0.00750862
  0.05073554   0.00753138
  0.05083662   0.00755415
  0.05093769   0.00757692
  0.05103877   0.00759969
  0.05113985   0.00762246
  0.05124092   0.00764523
  0.05134200   0.00766800
  0.05144308   0.00769077
  0.05154415   0.00771354
  0.05164523   0.00773631
  0.05174631   0.00775908
  0.05184738   0.00778185
  0.05194846   0.00780462
  0.05204954   0.00782738
  0.05215062   0.00785015
  0.05225169   0.00787292
  0.05235277   0.00789569
  0.05245385   0.00791846
  0.05255492   0.00794123
  0.05265600   0.00796400
  0.05275708   0.00798677
  0.05285815   0.00800954
  0.05295923   0.00803231
  0.05306031   0.00805508
  0.05316138   0.00807785
  0.05326246   0.00810062
  0.05336354   0.00812338
  0.05346462   0.00814615
  0.05356569   0.00816892
  0.05366677   0.00819169
  0.05376785   0.00821446
  0.05386892   0.00823723
  0.05397000   0.00826000
  0.05407108   0.00828277
  0.05417215   0.00830554
  0.05427323   0.00832831
  0.05437431   0.00835108
  0.05447538   0.00837385
  0.05457646   0.00839662
  0.05467754   0.00841938
  0.05477862   0.00844215
  0.05487969   0.00846492
  0.05498077   0.00848769
  0.05508185   0.00851046
  0.05518292   0.00853323
  0.05528400   0.00855600
  0.05538508   0.00857877
  0.05548615   0.00860154
  0.05558723   0.00862431
  0.05568831   0.00864708
  0.05578938   0.00866985
  0.05589046   0.00869262
  0.05599154   0.00871538
  0.05609262   0.00873815
  0.05619369   0.00876092
  0.05629477   0.00878369
  0.05639585   0.00880646
  0.05649692   0.00882923
  0.05659800   0.00885200
  0.05669908   0.00887477
  0.05680015   0.00889754
  0.05690123   0.00892031
  0.05700231   0.00894308
  0.05710338   0.00896585
  0.05720446   0.00898862
  0.05730554   0.00901138
  0.05740662   0.00903415
  0.05750769   0.00905692
  0.05760877   0.00907969
  0.05770985   0.00910246
  0.05781092   0.00912523
  0.05791200   0.00914800
  0.05801308   0.00917077
  0.05811415   0.00919354
  0.05821523   0.00921631
  0.05831631   0.00923908
  0.05841738   0.00926185
  0.05851846   0.00928462
  0.05861954   0.00930738
  0.05872062   0.00933015
  0.05882169   0.00935292
  0.05892277   0.00937569
  0.05902385   0.00939846
  0.05912492   0.00942123
  0.05922600   0.00944400
  0.05932708   0.00946677
  0.05942815   0.00948954
  0.05952923   0.00951231
  0.05963031   0.00953508
  0.05973138   0.00955785
  0.05983246   0.00958062
  0.05993354   0.00960338
  0.06003462   0.00962615
  0.06013569   0.00964892
  0.06023677   0.00967169
  0.06033785   0.00969446
  0.06043892   0.00971723
  0.06054000   0.00974000
  0.06064108   0.00976277
  0.06074215   0.00978554
  0.06084323   0.00980831
  0.06094431   0.00983108
  0.06104538   0.00985385
  0.06114646   0.00987662
  0.06124754   0.00989938
  0.06134862   0.00992215
  0.06144969   0.00994492
  0.06155077   0.00996769
  0.06165185   0.00999046
  0.06175292   0.01001323
  0.06185400   0.01003600
  0.06195508   0.01005877
  0.06205615   0.01008154
  0.06215723   0.01010431
  0.06225831   0.01012708
  0.06235938   0.01014985
  0.06246046   0.01017262
  0.06256154   0.01019538
  0.06266262   0.01021815
  0.06276369   0.01024092
  0.06286477   0.01026369
  0.06296585   0.01028646
  0.06306692   0.01030923
  0.06316800   0.01033200
  0.06326908   0.01035477
  0.06337015   0.01037754
  0.06347123   0.01040031
  0.06357231   0.01042308
  0.06367338   0.01044585
  0.06377446   0.01046862
  0.06387554   0.01049138
  0.06397662   0.01051415
  0.06407769   0.01053692
  0.06417877   0.01055969
  0.06427985   0.01058246
  0.06438092   0.01060523
  0.06448200   0.01062800
  0.06458308   0.01065077
  0.06468415   0.01067354
  0.06478523   0.01069631
  0.06488631   0.01071908
  0.06498738   0.01074185
  0.06508846   0.01076462
  0.06518954   0.01078738
  0.06529062   0.01081015
  0.06539169   0.01083292
  0.06549277   0.01085569
  0.06559385   0.01087846
  0.06569492   0.01090123
  0.06579600   0.01092400
  0.06589708   0.01094677
  0.06599815   0.01096954
  0.06609923   0.01099231
  0.06620031   0.01101508
  0.06630138   0.01103785
  0.06640246   0.01106062
  0.06650354   0.01108338
  0.06660462   0.01110615
  0.06670569   0.01112892
  0.06680677   0.01115169
  0.06690785   0.01117446
  0.06700892   0.01119723
  0.06711000   0.01122000
  0.06721108   0.01124277
  0.06731215   0.01126554
  0.06741323   0.01128831
  0.06751431   0.01131108
  0.06761538   0.01133385
  0.06771646   0.01135662
  0.06781754   0.01137938
  0.06791862   0.01140215
  0.06801969   0.01142492
  0.06812077   0.01144769
  0.06822185   0.01147046
  0.06832292   0.01149323
  0.06842400   0.01151600
  0.06852508   0.01153877
  0.06862615   0.01156154
  0.06872723   0.01158431
  0.06882831   0.01160708
  0.06892938   0.01162985
  0.06903046   0.01165262
  0.06913154   0.01167538
  0.06923262   0.01169815
  0.06933369   0.01172092
  0.06943477   0.01174369
  0.06953585   0.01176646
  0.06963692   0.01178923
  0.06973800   0.01181200
  0.06983908   0.01183477
  0.06994015   0.01185754
  0.07004123   0.01188031
  0.07014231   0.01190308
  0.07024338   0.01192585
  0.07034446   0.01194862
  0.07044554   0.01197138
  0.07054662   0.01199415
  0.07064769   0.01201692
  0.07074877   0.01203969
  0.07084985   0.01206246
  0.07095092   0.01208523
  0.07105200   0.01210800
  0.07115308   0.01213077
  0.07125415   0.01215354
  0.07135523   0.01217631
  0.07145631   0.01219908
  0.07155738   0.01222185
  0.07165846   0.01224462
  0.07175954   0.01226738
  0.07186062   0.01229015
  0.07196169   0.01231292
  0.07206277   0.01233569
  0.07216385   0.01235846
  0.07226492   0.01238123
  0.07236600   0.01240400
  0.07246708   0.01242677
  0.07256815   0.01244954
  0.07266923   0.01247231
  0.07277031   0.01249508
  0.07287138   0.01251785
  0.07297246   0.01254062
  0.07307354   0.01256338
  0.07317462   0.01258615
  0.07327569   0.01260892
  0.07337677   0.01263169
  0.07347785   0.01265446
  0.07357892   0.01267723
  0.07368000   0.01270000
  0.07378108   0.01272277
  0.07388215   0.01274554
  0.07398323   0.01276831
  0.07408431   0.01279108
  0.07418538   0.01281385
  0.07428646   0.01283662
  0.07438754   0.01285938
  0.07448862   0.01288215
  0.07458969   0.01290492
  0.07469077   0.01292769
  0.07479185   0.01295046
  0.07489292   0.01297323
  0.07499400   0.01299600
  0.07509508   0.01301877
  0.07519615   0.01304154
  0.07529723   0.01306431
  0.07539831   0.01308708
  0.07549938   0.01310985
  0.07560046   0.01313262
  0.07570154   0.01315538
  0.07580262   0.01317815
  0.07590369   0.01320092
  0.07600477   0.01322369
  0.07610585   0.01324646
  0.07620692   0.01326923
  0.07630800   0.01329200
  0.07640908   0.01331477
  0.07651015   0.01333754
  0.07661123   0.01336031
  0.07671231   0.01338308
  0.07681338   0.01340585
  0.07691446   0.01342862
  0.07701554   0.01345138
  0.07711662   0.01347415
  0.07721769   0.01349692
  0.07731877   0.01351969
  0.07741985   0.01354246
  0.07752092   0.01356523
  0.07762200   0.01358800
  0.07772308   0.01361077
  0.07782415   0.01363354
  0.07792523   0.01365631
  0.07802631   0.01367908
  0.07812738   0.01370185
  0.07822846   0.01372462
  0.07832954   0.01374738
  0.07843062   0.01377015
  0.07853169   0.01379292
  0.07863277   0.01381569
  0.07873385   0.01383846
  0.07883492   0.01386123
  0.07893600   0.01388400
  0.07903708   0.01390677
  0.07913815   0.01392954
  0.07923923   0.01395231
  0.07934031   0.01397508
  0.07944138   0.01399785
  0.07954246   0.01402062
  0.07964354   0.01404338
  0.07974462   0.01406615
  0.07984569   0.01408892
  0.07994677   0.01411169
  0.08004785   0.01413446
  0.08014892   0.01415723
  0.08025000   0.01418000
  0.08035108   0.01420277
  0.08045215   0.01422554
  0.08055323   0.01424831
  0.08065431   0.01427108
  0.08075538   0.01429385
  0.08085646   0.01431662
  0.08095754   0.01433938
  0.08105862   0.01436215
  0.08115969   0.01438492
  0.08126077   0.01440769
  0.08136185   0.01443046
  0.08146292   0.01445323
  0.08156400   0.01447600
  0.08166508   0.01449877
  0.08176615   0.01452154
  0.08186723   0.01454431
  0.08196831   0.01456708
  0.08206938   0.01458985
  0.08217046   0.01461262
  0.08227154   0.01463538
  0.08237262   0.01465815
  0.08247369   0.01468092
  0.08257477   0.01470369
  0.08267585   0.01472646
  0.08277692   0.01474923
  0.08287800   0.01477200
  0.08297908   0.01479477
  0.08308015   0.01481754
  0.08318123   0.01484031
  0.08328231   0.01486308
  0.08338338   0.01488585
  0.08348446   0.01490862
  0.08358554   0.01493138
  0.08368662   0.01495415
  0.08378769   0.01497692
  0.08388877   0.01499969
  0.08398985   0.01502246
  0.08409092   0.01504523
  0.08419200   0.01506800
  0.08429308   0.01509077
  0.08439415   0.01511354
  0.08449523   0.01513631
  0.08459631   0.01515908
  0.08469738   0.01518185
  0.08479846   0.01520462
  0.08489954   0.01522738
  0.08500062   0.01525015
  0.08510169   0.01527292
  0.08520277   0.01529569
  0.08530385   0.01531846
  0.08540492   0.01534123
  0.08550600   0.01536400
  0.08560708   0.01538677
  0.08570815   0.01540954
  0.08580923   0.01543231
  0.08591031   0.01545508
  0.08601138   0.01547785
  0.08611246   0.01550062
  0.08621354   0.01552338
  0.08631462   0.01554615
  0.08641569   0.01556892
  0.08651677   0.01559169
  0.08661785   0.01561446
  0.08671892   0.01563723
  0.08692016   0.01568689
  0.08702032   0.01570826
  0.08712048   0.01572889
  0.08722065   0.01574876
  0.08732081   0.01576788
  0.08742097   0.01578626
  0.08752113   0.01580389
  0.08762129   0.01582079
  0.08772145   0.01583695
  0.08782161   0.01585238
  0.08792177   0.01586707
  0.08802194   0.01588104
  0.08812210   0.01589428
  0.08822226   0.01590679
  0.08832242   0.01591858
  0.08842258   0.01592965
  0.08852274   0.01594000
  0.08862290   0.01594963
  0.08872306   0.01595854
  0.08882323   0.01596674
  0.08892339   0.01597423
  0.08902355   0.01598100
  0.08912371   0.01598706
  0.08922387   0.01599241
  0.08932403   0.01599705
  0.08942419   0.01600098
  0.08952435   0.01600420
  0.08962452   0.01600671
  0.08972468   0.01600851
  0.08982484   0.01600961
  0.08992500   0.01601000
  0.09002516   0.01600968
  0.09012532   0.01600865
  0.09022548   0.01600692
  0.09032565   0.01600448
  0.09042581   0.01600133
  0.09052597   0.01599747
  0.09062613   0.01599290
  0.09072629   0.01598762
  0.09082645   0.01598164
  0.09092661   0.01597493
  0.09102677   0.01596752
  0.09112694   0.01595939
  0.09122710   0.01595055
  0.09132726   0.01594099
  0.09142742   0.01593071
  0.09152758   0.01591972
  0.09162774   0.01590800
  0.09172790   0.01589556
  0.09182806   0.01588239
  0.09192823   0.01586850
  0.09202839   0.01585388
  0.09212855   0.01583853
  0.09222871   0.01582244
  0.09232887   0.01580562
  0.09242903   0.01578805
  0.09252919   0.01576975
  0.09262935   0.01575070
  0.09272952   0.01573090
  0.09282968   0.01571036
  0.09292984   0.01566000
  0.09313120   0.01563729
  0.09323240   0.01561458
  0.09333361   0.01559187
  0.09343481   0.01556916
  0.09353601   0.01554645
  0.09363721   0.01552373
  0.09373841   0.01550102
  0.09383962   0.01547831
  0.09394082   0.01545560
  0.09404202   0.01543289
  0.09414322   0.01541018
  0.09424442   0.01538747
  0.09434563   0.01536476
  0.09444683   0.01534205
  0.09454803   0.01531934
  0.09464923   0.01529662
  0.09475043   0.01527391
  0.09485164   0.01525120
  0.09495284   0.01522849
  0.09505404   0.01520578
  0.09515524   0.01518307
  0.09525645   0.01516036
  0.09535765   0.01513765
  0.09545885   0.01511494
  0.09556005   0.01509223
  0.09566125   0.01506951
  0.09576246   0.01504680
  0.09586366   0.01502409
  0.09596486   0.01500138
  0.09606606   0.01497867
  0.09616726   0.01495596
  0.09626847   0.01493325
  0.09636967   0.01491054
  0.09647087   0.01488783
  0.09657207   0.01486512
  0.09667327   0.01484240
  0.09677448   0.01481969
  0.09687568   0.01479698
  0.09697688   0.01477427
  0.09707808   0.01475156
  0.09717928   0.01472885
  0.09728049   0.01470614
  0.09738169   0.01468343
  0.09748289   0.01466072
  0.09758409   0.01463801
  0.09768529   0.01461529
  0.09778650   0.01459258
  0.09788770   0.01456987
  0.09798890   0.01454716
  0.09809010   0.01452445
  0.09819130   0.01450174
  0.09829251   0.01447903
  0.09839371   0.01445632
  0.09849491   0.01443361
  0.09859611   0.01441090
  0.09869731   0.01438818
  0.09879852   0.01436547
  0.09889972   0.01434276
  0.09900092   0.01432005
  0.09910212   0.01429734
  0.09920332   0.01427463
  0.09930453   0.01425192
  0.09940573   0.01422921
  0.09950693   0.01420650
  0.09960813   0.01418379
  0.09970934   0.01416107
  0.09981054   0.01413836
  0.09991174   0.01411565
  0.10001294   0.01409294
  0.10011414   0.01407023
  0.10021535   0.01404752
  0.10031655   0.01402481
  0.10041775   0.01400210
  0.10051895   0.01397939
  0.10062015   0.01395668
  0.10072136   0.01393396
  0.10082256   0.01391125
  0.10092376   0.01388854
  0.10102496   0.01386583
  0.10112616   0.01384312
  0.10122737   0.01382041
  0.10132857   0.01379770
  0.10142977   0.01377499
  0.10153097   0.01375228
  0.10163217   0.01372957
  0.10173338   0.01370685
  0.10183458   0.01368414
  0.10193578   0.01366143
  0.10203698   0.01363872
  0.10213818   0.01361601
  0.10223939   0.01359330
  0.10234059   0.01357059
  0.10244179   0.01354788
  0.10254299   0.01352517
  0.10264419   0.01350246
  0.10274540   0.01347974
  0.10284660   0.01345703
  0.10294780   0.01343432
  0.10304900   0.01341161
  0.10315020   0.01338890
  0.10325141   0.01336619
  0.10335261   0.01334348
  0.10345381   0.01332077
  0.10355501   0.01329806
  0.10365621   0.01327535
  0.10375742   0.01325263
  0.10385862   0.01322992
  0.10395982   0.01320721
  0.10406102   0.01318450
  0.10416223   0.01316179
  0.10426343   0.01313908
  0.10436463   0.01311637
  0.10446583   0.01309366
  0.10456703   0.01307095
  0.10466824   0.01304824
  0.10476944   0.01302552
  0.10487064   0.01300281
  0.10497184   0.01298010
  0.10507304   0.01295739
  0.10517425   0.01293468
  0.10527545   0.01291197
  0.10537665   0.01288926
  0.10547785   0.01286655
  0.10557905   0.01284384
  0.10568026   0.01282113
  0.10578146   0.01279841
  0.10588266   0.01277570
  0.10598386   0.01275299
  0.10608506   0.01273028
  0.10618627   0.01270757
  0.10628747   0.01268486
  0.10638867   0.01266215
  0.10648987   0.01263944
  0.10659107   0.01261673
  0.10669228   0.01259402
  0.10679348   0.01257130
  0.10689468   0.01254859
  0.10699588   0.01252588
  0.10709708   0.01250317
  0.10719829   0.01248046
  0.10729949   0.01245775
  0.10740069   0.01243504
  0.10750189   0.01241233
  0.10760309   0.01238962
  0.10770430   0.01236691
  0.10780550   0.01234419
  0.10790670   0.01232148
  0.10800790   0.01229877
  0.10810910   0.01227606
  0.10821031   0.01225335
  0.10831151   0.01223064
  0.10841271   0.01220793
  0.10851391   0.01218522
  0.10861512   0.01216251
  0.10871632   0.01213980
  0.10881752   0.01211708
  0.10891872   0.01209437
  0.10901992   0.01207166
  0.10912113   0.01204895
  0.10922233   0.01202624
  0.10932353   0.01200353
  0.10942473   0.01198082
  0.10952593   0.01195811
  0.10962714   0.01193540
  0.10972834   0.01191269
  0.10982954   0.01188997
  0.10993074   0.01186726
  0.11003194   0.01184455
  0.11013315   0.01182184
  0.11023435   0.01179913
  0.11033555   0.01177642
  0.11043675   0.01175371
  0.11053795   0.01173100
  0.11063916   0.01170829
  0.11074036   0.01168558
  0.11084156   0.01166286
  0.11094276   0.01164015
  0.11104396   0.01161744
  0.11114517   0.01159473
  0.11124637   0.01157202
  0.11134757   0.01154931
  0.11144877   0.01152660
  0.11154997   0.01150389
  0.11165118   0.01148118
  0.11175238   0.01145847
  0.11185358   0.01143575
  0.11195478   0.01141304
  0.11205598   0.01139033
  0.11215719   0.01136762
  0.11225839   0.01134491
  0.11235959   0.01132220
  0.11246079   0.01129949
  0.11256199   0.01127678
  0.11266320   0.01125407
  0.11276440   0.01123136
  0.11286560   0.01120864
  0.11296680   0.01118593
  0.11306801   0.01116322
  0.11316921   0.01114051
  0.11327041   0.01111780
  0.11337161   0.01109509
  0.11347281   0.01107238
  0.11357402   0.01104967
  0.11367522   0.01102696
  0.11377642   0.01100425
  0.11387762   0.01098153
  0.11397882   0.01095882
  0.11408003   0.01093611
  0.11418123   0.01091340
  0.11428243   0.01089069
  0.11438363   0.01086798
  0.11448483   0.01084527
  0.11458604   0.01082256
  0.11468724   0.01079985
  0.11478844   0.01077714
  0.11488964   0.01075442
  0.11499084   0.01073171
  0.11509205   0.01070900
  0.11519325   0.01068629
  0.11529445   0.01066358
  0.11539565   0.01064087
  0.11549685   0.01061816
  0.11559806   0.01059545
  0.11569926   0.01057274
  0.11580046   0.01055003
  0.11590166   0.01052731
  0.11600286   0.01050460
  0.11610407   0.01048189
  0.11620527   0.01045918
  0.11630647   0.01043647
  0.11640767   0.01041376
  0.11650887   0.01039105
  0.11661008   0.01036834
  0.11671128   0.01034563
  0.11681248   0.01032292
  0.11691368   0.01030020
  0.11701488   0.01027749
  0.11711609   0.01025478
  0.11721729   0.01023207
  0.11731849   0.01020936
  0.11741969   0.01018665
  0.11752090   0.01016394
  0.11762210   0.01014123
  0.11772330   0.01011852
  0.11782450   0.01009581
  0.11792570   0.01007309
  0.11802691   0.01005038
  0.11812811   0.01002767
  0.11822931   0.01000496
  0.11833051   0.00998225
  0.11843171   0.00995954
  0.11853292   0.00993683
  0.11863412   0.00991412
  0.11873532   0.00989141
  0.11883652   0.00986870
  0.11893772   0.00984598
  0.11903893   0.00982327
  0.11914013   0.00980056
  0.11924133   0.00977785
  0.11934253   0.00975514
  0.11944373   0.00973243
  0.11954494   0.00970972
  0.11964614   0.00968701
  0.11974734   0.00966430
  0.11984854   0.00964159
  0.11994974   0.00961887
  0.12005095   0.00959616
  0.12015215   0.00957345
  0.12025335   0.00955074
  0.12035455   0.00952803
  0.12045575   0.00950532
  0.12055696   0.00948261
  0.12065816   0.00945990
  0.12075936   0.00943719
  0.12086056   0.00941448
  0.12096176   0.00939176
  0.12106297   0.00936905
  0.12116417   0.00934634
  0.12126537   0.00932363
  0.12136657   0.00930092
  0.12146777   0.00927821
  0.12156898   0.00925550
  0.12167018   0.00923279
  0.12177138   0.00921008
  0.12187258   0.00918737
  0.12197379   0.00916465
  0.12207499   0.00914194
  0.12217619   0.00911923
  0.12227739   0.00909652
  0.12237859   0.00907381
  0.12247980   0.00905110
  0.12258100   0.00902839
  0.12268220   0.00900568
  0.12278340   0.00898297
  0.12288460   0.00896026
  0.12298581   0.00893754
  0.12308701   0.00891483
  0.12318821   0.00889212
  0.12328941   0.00886941
  0.12339061   0.00884670
  0.12349182   0.00882399
  0.12359302   0.00880128
  0.12369422   0.00877857
  0.12379542   0.00875586
  0.12389662   0.00873315
  0.12399783   0.00871043
  0.12409903   0.00868772
  0.12420023   0.00866501
  0.12430143   0.00864230
  0.12440263   0.00861959
  0.12450384   0.00859688
  0.12460504   0.00857417
  0.12470624   0.00855146
  0.12480744   0.00852875
  0.12490864   0.00850604
  0.12500985   0.00848332
  0.12511105   0.00846061
  0.12521225   0.00843790
  0.12531345   0.00841519
  0.12541465   0.00839248
  0.12551586   0.00836977
  0.12561706   0.00834706
  0.12571826   0.00832435
  0.12581946   0.00830164
  0.12592066   0.00827893
  0.12602187   0.00825621
  0.12612307   0.00823350
  0.12622427   0.00821079
  0.12632547   0.00818808
  0.12642668   0.00816537
  0.12652788   0.00814266
  0.12662908   0.00811995
  0.12673028   0.00809724
  0.12683148   0.00807453
  0.12693269   0.00805182
  0.12703389   0.00802910
  0.12713509   0.00800639
  0.12723629   0.00798368
  0.12733749   0.00796097
  0.12743870   0.00793826
  0.12753990   0.00791555
  0.12764110   0.00789284
  0.12774230   0.00787013
  0.12784350   0.00784742
  0.12794471   0.00782471
  0.12804591   0.00780199
  0.12814711   0.00777928
  0.12824831   0.00775657
  0.12834951   0.00773386
  0.12845072   0.00771115
  0.12855192   0.00768844
  0.12865312   0.00766573
  0.12875432   0.00764302
  0.12885552   0.00762031
  0.12895673   0.00759760
  0.12905793   0.00757488
  0.12915913   0.00755217
  0.12926033   0.00752946
  0.12936153   0.00750675
  0.12946274   0.00748404
  0.12956394   0.00746133
  0.12966514   0.00743862
  0.12976634   0.00741591
  0.12986754   0.00739320
  0.12996875   0.00737049
  0.13006995   0.00734777
  0.13017115   0.00732506
  0.13027235   0.00730235
  0.13037355   0.00727964
  0.13047476   0.00725693
  0.13057596   0.00723422
  0.13067716   0.00721151
  0.13077836   0.00718880
  0.13087957   0.00716609
  0.13098077   0.00714338
  0.13108197   0.00712066
  0.13118317   0.00709795
  0.13128437   0.00707524
  0.13138558   0.00705253
  0.13148678   0.00702982
  0.13158798   0.00700711
  0.13168918   0.00698440
  0.13179038   0.00696169
  0.13189159   0.00693898
  0.13199279   0.00691627
  0.13209399   0.00689355
  0.13219519   0.00687084
  0.13229639   0.00684813
  0.13239760   0.00682542
  0.13249880   0.00680271
  0.13260000   0.00678000
  0.13270266   0.00674797
  0.13280532   0.00671595
  0.13290797   0.00668392
  0.13301063   0.00665190
  0.13311329   0.00661987
  0.13321595   0.00658785
  0.13331861   0.00655582
  0.13342127   0.00652380
  0.13352392   0.00649177
  0.13362658   0.00645975
  0.13372924   0.00642772
  0.13383190   0.00639570
  0.13393456   0.00636367
  0.13403722   0.00633165
  0.13413987   0.00629962
  0.13424253   0.00626759
  0.13434519   0.00623557
  0.13444785   0.00620354
  0.13455051   0.00617152
  0.13465316   0.00613949
  0.13475582   0.00610747
  0.13485848   0.00607544
  0.13496114   0.00604342
  0.13506380   0.00601139
  0.13516646   0.00597937
  0.13526911   0.00594734
  0.13537177   0.00591532
  0.13547443   0.00588329
  0.13557709   0.00585127
  0.13567975   0.00581924
  0.13578241   0.00578722
  0.13588506   0.00575519
  0.13598772   0.00572316
  0.13609038   0.00569114
  0.13619304   0.00565911
  0.13629570   0.00562709
  0.13639835   0.00559506
  0.13650101   0.00556304
  0.13660367   0.00553101
  0.13670633   0.00549899
  0.13680899   0.00546696
  0.13691165   0.00543494
  0.13701430   0.00540291
  0.13711696   0.00537089
  0.13721962   0.00533886
  0.13732228   0.00530684
  0.13742494   0.00527481
  0.13752759   0.00524278
  0.13763025   0.00521076
  0.13773291   0.00517873
  0.13783557   0.00514671
  0.13793823   0.00511468
  0.13804089   0.00508266
  0.13814354   0.00505063
  0.13824620   0.00501861
  0.13834886   0.00498658
  0.13845152   0.00495456
  0.13855418   0.00492253
  0.13865684   0.00489051
  0.13875949   0.00485848
  0.13886215   0.00482646
  0.13896481   0.00479443
  0.13906747   0.00476241
  0.13917013   0.00473038
  0.13927278   0.00469835
  0.13937544   0.00466633
  0.13947810   0.00463430
  0.13958076   0.00460228
  0.13968342   0.00457025
  0.13978608   0.00453823
  0.13988873   0.00450620
  0.13999139   0.00447418
  0.14009405   0.00444215
  0.14019671   0.00441013
  0.14029937   0.00437810
  0.14040203   0.00434608
  0.14050468   0.00431405
  0.14060734   0.00428203
  0.14071000   0.00425000
  0.14060848   0.00425000
  0.14050696   0.00425000
  0.14040544   0.00425000
  0.14030391   0.00425000
  0.14020239   0.00425000
  0.14010087   0.00425000
  0.13999935   0.00425000
  0.13989783   0.00425000
  0.13979631   0.00425000
  0.13969478   0.00425000
  0.13959326   0.00425000
  0.13949174   0.00425000
  0.13939022   0.00425000
  0.13928870   0.00425000
  0.13918718   0.00425000
  0.13908566   0.00425000
  0.13898413   0.00425000
  0.13888261   0.00425000
  0.13878109   0.00425000
  0.13867957   0.00425000
  0.13857805   0.00425000
  0.13847653   0.00425000
  0.13837501   0.00425000
  0.13827348   0.00425000
  0.13817196   0.00425000
  0.13807044   0.00425000
  0.13796892   0.00425000
  0.13786740   0.00425000
  0.13776588   0.00425000
  0.13766435   0.00425000
  0.13756283   0.00425000
  0.13746131   0.00425000
  0.13735979   0.00425000
  0.13725827   0.00425000
  0.13715675   0.00425000
  0.13705523   0.00425000
  0.13695370   0.00425000
  0.13685218   0.00425000
  0.13675066   0.00425000
  0.13664914   0.00425000
  0.13654762   0.00425000
  0.13644610   0.00425000
  0.13634457   0.00425000
  0.13624305   0.00425000
  0.13614153   0.00425000
  0.13604001   0.00425000
  0.13593849   0.00425000
  0.13583697   0.00425000
  0.13573545   0.00425000
  0.13563392   0.00425000
  0.13553240   0.00425000
  0.13543088   0.00425000
  0.13532936   0.00425000
  0.13522784   0.00425000
  0.13512632   0.00425000
  0.13502479   0.00425000
  0.13492327   0.00425000
  0.13482175   0.00425000
  0.13472023   0.00425000
  0.13461871   0.00425000
  0.13451719   0.00425000
  0.13441567   0.00425000
  0.13431414   0.00425000
  0.13421262   0.00425000
  0.13411110   0.00425000
  0.13400958   0.00425000
  0.13390806   0.00425000
  0.13380654   0.00425000
  0.13370502   0.00425000
  0.13360349   0.00425000
  0.13350197   0.00425000
  0.13340045   0.00425000
  0.13329893   0.00425000
  0.13319741   0.00425000
  0.13309589   0.00425000
  0.13299436   0.00425000
  0.13289284   0.00425000
  0.13279132   0.00425000
  0.13268980   0.00425000
  0.13258828   0.00425000
  0.13248676   0.00425000
  0.13238524   0.00425000
  0.13228371   0.00425000
  0.13218219   0.00425000
  0.13208067   0.00425000
  0.13197915   0.00425000
  0.13187763   0.00425000
  0.13177611   0.00425000
  0.13167458   0.00425000
  0.13157306   0.00425000
  0.13147154   0.00425000
  0.13137002   0.00425000
  0.13126850   0.00425000
  0.13116698   0.00425000
  0.13106546   0.00425000
  0.13096393   0.00425000
  0.13086241   0.00425000
  0.13076089   0.00425000
  0.13065937   0.00425000
  0.13055785   0.00425000
  0.13045633   0.00425000
  0.13035480   0.00425000
  0.13025328   0.00425000
  0.13015176   0.00425000
  0.13005024   0.00425000
  0.12994872   0.00425000
  0.12984720   0.00425000
  0.12974568   0.00425000
  0.12964415   0.00425000
  0.12954263   0.00425000
  0.12944111   0.00425000
  0.12933959   0.00425000
  0.12923807   0.00425000
  0.12913655   0.00425000
  0.12903503   0.00425000
  0.12893350   0.00425000
  0.12883198   0.00425000
  0.12873046   0.00425000
  0.12862894   0.00425000
  0.12852742   0.00425000
  0.12842590   0.00425000
  0.12832437   0.00425000
  0.12822285   0.00425000
  0.12812133   0.00425000
  0.12801981   0.00425000
  0.12791829   0.00425000
  0.12781677   0.00425000
  0.12771525   0.00425000
  0.12761372   0.00425000
  0.12751220   0.00425000
  0.12741068   0.00425000
  0.12730916   0.00425000
  0.12720764   0.00425000
  0.12710612   0.00425000
  0.12700459   0.00425000
  0.12690307   0.00425000
  0.12680155   0.00425000
  0.12670003   0.00425000
  0.12659851   0.00425000
  0.12649699   0.00425000
  0.12639547   0.00425000
  0.12629394   0.00425000
  0.12619242   0.00425000
  0.12609090   0.00425000
  0.12598938   0.00425000
  0.12588786   0.00425000
  0.12578634   0.00425000
  0.12568481   0.00425000
  0.12558329   0.00425000
  0.12548177   0.00425000
  0.12538025   0.00425000
  0.12527873   0.00425000
  0.12517721   0.00425000
  0.12507569   0.00425000
  0.12497416   0.00425000
  0.12487264   0.00425000
  0.12477112   0.00425000
  0.12466960   0.00425000
  0.12456808   0.00425000
  0.12446656   0.00425000
  0.12436504   0.00425000
  0.12426351   0.00425000
  0.12416199   0.00425000
  0.12406047   0.00425000
  0.12395895   0.00425000
  0.12385743   0.00425000
  0.12375591   0.00425000
  0.12365438   0.00425000
  0.12355286   0.00425000
  0.12345134   0.00425000
  0.12334982   0.00425000
  0.12324830   0.00425000
  0.12314678   0.00425000
  0.12304526   0.00425000
  0.12294373   0.00425000
  0.12284221   0.00425000
  0.12274069   0.00425000
  0.12263917   0.00425000
  0.12253765   0.00425000
  0.12243613   0.00425000
  0.12233460   0.00425000
  0.12223308   0.00425000
  0.12213156   0.00425000
  0.12203004   0.00425000
  0.12192852   0.00425000
  0.12182700   0.00425000
  0.12172548   0.00425000
  0.12162395   0.00425000
  0.12152243   0.00425000
  0.12142091   0.00425000
  0.12131939   0.00425000
  0.12121787   0.00425000
  0.12111635   0.00425000
  0.12101482   0.00425000
  0.12091330   0.00425000
  0.12081178   0.00425000
  0.12071026   0.00425000
  0.12060874   0.00425000
  0.12050722   0.00425000
  0.12040570   0.00425000
  0.12030417   0.00425000
  0.12020265   0.00425000
  0.12010113   0.00425000
  0.11999961   0.00425000
  0.11989809   0.00425000
  0.11979657   0.00425000
  0.11969505   0.00425000
  0.11959352   0.00425000
  0.11949200   0.00425000
  0.11939048   0.00425000
  0.11928896   0.00425000
  0.11918744   0.00425000
  0.11908592   0.00425000
  0.11898439   0.00425000
  0.11888287   0.00425000
  0.11878135   0.00425000
  0.11867983   0.00425000
  0.11857831   0.00425000
  0.11847679   0.00425000
  0.11837527   0.00425000
  0.11827374   0.00425000
  0.11817222   0.00425000
  0.11807070   0.00425000
  0.11796918   0.00425000
  0.11786766   0.00425000
  0.11776614   0.00425000
  0.11766461   0.00425000
  0.11756309   0.00425000
  0.11746157   0.00425000
  0.11736005   0.00425000
  0.11725853   0.00425000
  0.11715701   0.00425000
  0.11705549   0.00425000
  0.11695396   0.00425000
  0.11685244   0.00425000
  0.11675092   0.00425000
  0.11664940   0.00425000
  0.11654788   0.00425000
  0.11644636   0.00425000
  0.11634483   0.00425000
  0.11624331   0.00425000
  0.11614179   0.00425000
  0.11604027   0.00425000
  0.11593875   0.00425000
  0.11583723   0.00425000
  0.11573571   0.00425000
  0.11563418   0.00425000
  0.11553266   0.00425000
  0.11543114   0.00425000
  0.11532962   0.00425000
  0.11522810   0.00425000
  0.11512658   0.00425000
  0.11502506   0.00425000
  0.11492353   0.00425000
  0.11482201   0.00425000
  0.11472049   0.00425000
  0.11461897   0.00425000
  0.11451745   0.00425000
  0.11441593   0.00425000
  0.11431440   0.00425000
  0.11421288   0.00425000
  0.11411136   0.00425000
  0.11400984   0.00425000
  0.11390832   0.00425000
  0.11380680   0.00425000
  0.11370528   0.00425000
  0.11360375   0.00425000
  0.11350223   0.00425000
  0.11340071   0.00425000
  0.11329919   0.00425000
  0.11319767   0.00425000
  0.11309615   0.00425000
  0.11299462   0.00425000
  0.11289310   0.00425000
  0.11279158   0.00425000
  0.11269006   0.00425000
  0.11258854   0.00425000
  0.11248702   0.00425000
  0.11238550   0.00425000
  0.11228397   0.00425000
  0.11218245   0.00425000
  0.11208093   0.00425000
  0.11197941   0.00425000
  0.11187789   0.00425000
  0.11177637   0.00425000
  0.11167484   0.00425000
  0.11157332   0.00425000
  0.11147180   0.00425000
  0.11137028   0.00425000
  0.11126876   0.00425000
  0.11116724   0.00425000
  0.11106572   0.00425000
  0.11096419   0.00425000
  0.11086267   0.00425000
  0.11076115   0.00425000
  0.11065963   0.00425000
  0.11055811   0.00425000
  0.11045659   0.00425000
  0.11035507   0.00425000
  0.11025354   0.00425000
  0.11015202   0.00425000
  0.11005050   0.00425000
  0.10994898   0.00425000
  0.10984746   0.00425000
  0.10974594   0.00425000
  0.10964441   0.00425000
  0.10954289   0.00425000
  0.10944137   0.00425000
  0.10933985   0.00425000
  0.10923833   0.00425000
  0.10913681   0.00425000
  0.10903529   0.00425000
  0.10893376   0.00425000
  0.10883224   0.00425000
  0.10873072   0.00425000
  0.10862920   0.00425000
  0.10852768   0.00425000
  0.10842616   0.00425000
  0.10832463   0.00425000
  0.10822311   0.00425000
  0.10812159   0.00425000
  0.10802007   0.00425000
  0.10791855   0.00425000
  0.10781703   0.00425000
  0.10771551   0.00425000
  0.10761398   0.00425000
  0.10751246   0.00425000
  0.10741094   0.00425000
  0.10730942   0.00425000
  0.10720790   0.00425000
  0.10710638   0.00425000
  0.10700485   0.00425000
  0.10690333   0.00425000
  0.10680181   0.00425000
  0.10670029   0.00425000
  0.10659877   0.00425000
  0.10649725   0.00425000
  0.10639573   0.00425000
  0.10629420   0.00425000
  0.10619268   0.00425000
  0.10609116   0.00425000
  0.10598964   0.00425000
  0.10588812   0.00425000
  0.10578660   0.00425000
  0.10568508   0.00425000
  0.10558355   0.00425000
  0.10548203   0.00425000
  0.10538051   0.00425000
  0.10527899   0.00425000
  0.10517747   0.00425000
  0.10507595   0.00425000
  0.10497442   0.00425000
  0.10487290   0.00425000
  0.10477138   0.00425000
  0.10466986   0.00425000
  0.10456834   0.00425000
  0.10446682   0.00425000
  0.10436530   0.00425000
  0.10426377   0.00425000
  0.10416225   0.00425000
  0.10406073   0.00425000
  0.10395921   0.00425000
  0.10385769   0.00425000
  0.10375617   0.00425000
  0.10365464   0.00425000
  0.10355312   0.00425000
  0.10345160   0.00425000
  0.10335008   0.00425000
  0.10324856   0.00425000
  0.10314704   0.00425000
  0.10304552   0.00425000
  0.10294399   0.00425000
  0.10284247   0.00425000
  0.10274095   0.00425000
  0.10263943   0.00425000
  0.10253791   0.00425000
  0.10243639   0.00425000
  0.10233486   0.00425000
  0.10223334   0.00425000
  0.10213182   0.00425000
  0.10203030   0.00425000
  0.10192878   0.00425000
  0.10182726   0.00425000
  0.10172574   0.00425000
  0.10162421   0.00425000
  0.10152269   0.00425000
  0.10142117   0.00425000
  0.10131965   0.00425000
  0.10121813   0.00425000
  0.10111661   0.00425000
  0.10101509   0.00425000
  0.10091356   0.00425000
  0.10081204   0.00425000
  0.10071052   0.00425000
  0.10060900   0.00425000
  0.10050748   0.00425000
  0.10040596   0.00425000
  0.10030443   0.00425000
  0.10020291   0.00425000
  0.10010139   0.00425000
  0.09999987   0.00425000
  0.09989835   0.00425000
  0.09979683   0.00425000
  0.09969531   0.00425000
  0.09959378   0.00425000
  0.09949226   0.00425000
  0.09939074   0.00425000
  0.09928922   0.00425000
  0.09918770   0.00425000
  0.09908618   0.00425000
  0.09898465   0.00425000
  0.09888313   0.00425000
  0.09878161   0.00425000
  0.09868009   0.00425000
  0.09857857   0.00425000
  0.09847705   0.00425000
  0.09837553   0.00425000
  0.09827400   0.00425000
  0.09817248   0.00425000
  0.09807096   0.00425000
  0.09796944   0.00425000
  0.09786792   0.00425000
  0.09776640   0.00425000
  0.09766487   0.00425000
  0.09756335   0.00425000
  0.09746183   0.00425000
  0.09736031   0.00425000
  0.09725879   0.00425000
  0.09715727   0.00425000
  0.09705575   0.00425000
  0.09695422   0.00425000
  0.09685270   0.00425000
  0.09675118   0.00425000
  0.09664966   0.00425000
  0.09654814   0.00425000
  0.09644662   0.00425000
  0.09634510   0.00425000
  0.09624357   0.00425000
  0.09614205   0.00425000
  0.09604053   0.00425000
  0.09593901   0.00425000
  0.09583749   0.00425000
  0.09573597   0.00425000
  0.09563444   0.00425000
  0.09553292   0.00425000
  0.09543140   0.00425000
  0.09532988   0.00425000
  0.09522836   0.00425000
  0.09512684   0.00425000
  0.09502532   0.00425000
  0.09492379   0.00425000
  0.09482227   0.00425000
  0.09472075   0.00425000
  0.09461923   0.00425000
  0.09451771   0.00425000
  0.09441619   0.00425000
  0.09431466   0.00425000
  0.09421314   0.00425000
  0.09411162   0.00425000
  0.09401010   0.00425000
  0.09390858   0.00425000
  0.09380706   0.00425000
  0.09370554   0.00425000
  0.09360401   0.00425000
  0.09350249   0.00425000
  0.09340097   0.00425000
  0.09329945   0.00425000
  0.09319793   0.00425000
  0.09309641   0.00425000
  0.09299488   0.00425000
  0.09289336   0.00425000
  0.09279184   0.00425000
  0.09269032   0.00425000
  0.09258880   0.00425000
  0.09248728   0.00425000
  0.09238576   0.00425000
  0.09228423   0.00425000
  0.09218271   0.00425000
  0.09208119   0.00425000
  0.09197967   0.00425000
  0.09187815   0.00425000
  0.09177663   0.00425000
  0.09167511   0.00425000
  0.09157358   0.00425000
  0.09147206   0.00425000
  0.09137054   0.00425000
  0.09126902   0.00425000
  0.09116750   0.00425000
  0.09106598   0.00425000
  0.09096445   0.00425000
  0.09086293   0.00425000
  0.09076141   0.00425000
  0.09065989   0.00425000
  0.09055837   0.00425000
  0.09045685   0.00425000
  0.09035533   0.00425000
  0.09025380   0.00425000
  0.09015228   0.00425000
  0.09005076   0.00425000
  0.08994924   0.00425000
  0.08984772   0.00425000
  0.08974620   0.00425000
  0.08964467   0.00425000
  0.08954315   0.00425000
  0.08944163   0.00425000
  0.08934011   0.00425000
  0.08923859   0.00425000
  0.08913707   0.00425000
  0.08903555   0.00425000
  0.08893402   0.00425000
  0.08883250   0.00425000
  0.08873098   0.00425000
  0.08862946   0.00425000
  0.08852794   0.00425000
  0.08842642   0.00425000
  0.08832489   0.00425000
  0.08822337   0.00425000
  0.08812185   0.00425000
  0.08802033   0.00425000
  0.08791881   0.00425000
  0.08781729   0.00425000
  0.08771577   0.00425000
  0.08761424   0.00425000
  0.08751272   0.00425000
  0.08741120   0.00425000
  0.08730968   0.00425000
  0.08720816   0.00425000
  0.08710664   0.00425000
  0.08700512   0.00425000
  0.08690359   0.00425000
  0.08680207   0.00425000
  0.08670055   0.00425000
  0.08659903   0.00425000
  0.08649751   0.00425000
  0.08639599   0.00425000
  0.08629446   0.00425000
  0.08619294   0.00425000
  0.08609142   0.00425000
  0.08598990   0.00425000
  0.08588838   0.00425000
  0.08578686   0.00425000
  0.08568534   0.00425000
  0.08558381   0.00425000
  0.08548229   0.00425000
  0.08538077   0.00425000
  0.08527925   0.00425000
  0.08517773   0.00425000
  0.08507621   0.00425000
  0.08497468   0.00425000
  0.08487316   0.00425000
  0.08477164   0.00425000
  0.08467012   0.00425000
  0.08456860   0.00425000
  0.08446708   0.00425000
  0.08436556   0.00425000
  0.08426403   0.00425000
  0.08416251   0.00425000
  0.08406099   0.00425000
  0.08395947   0.00425000
  0.08385795   0.00425000
  0.08375643   0.00425000
  0.08365490   0.00425000
  0.08355338   0.00425000
  0.08345186   0.00425000
  0.08335034   0.00425000
  0.08324882   0.00425000
  0.08314730   0.00425000
  0.08304578   0.00425000
  0.08294425   0.00425000
  0.08284273   0.00425000
  0.08274121   0.00425000
  0.08263969   0.00425000
  0.08253817   0.00425000
  0.08243665   0.00425000
  0.08233513   0.00425000
  0.08223360   0.00425000
  0.08213208   0.00425000
  0.08203056   0.00425000
  0.08192904   0.00425000
  0.08182752   0.00425000
  0.08172600   0.00425000
  0.08162447   0.00425000
  0.08152295   0.00425000
  0.08142143   0.00425000
  0.08131991   0.00425000
  0.08121839   0.00425000
  0.08111687   0.00425000
  0.08101535   0.00425000
  0.08091382   0.00425000
  0.08081230   0.00425000
  0.08071078   0.00425000
  0.08060926   0.00425000
  0.08050774   0.00425000
  0.08040622   0.00425000
  0.08030469   0.00425000
  0.08020317   0.00425000
  0.08010165   0.00425000
  0.08000013   0.00425000
  0.07989861   0.00425000
  0.07979709   0.00425000
  0.07969557   0.00425000
  0.07959404   0.00425000
  0.07949252   0.00425000
  0.07939100   0.00425000
  0.07928948   0.00425000
  0.07918796   0.00425000
  0.07908644   0.00425000
  0.07898491   0.00425000
  0.07888339   0.00425000
  0.07878187   0.00425000
  0.07868035   0.00425000
  0.07857883   0.00425000
  0.07847731   0.00425000
  0.07837579   0.00425000
  0.07827426   0.00425000
  0.07817274   0.00425000
  0.07807122   0.00425000
  0.07796970   0.00425000
  0.07786818   0.00425000
  0.07776666   0.00425000
  0.07766514   0.00425000
  0.07756361   0.00425000
  0.07746209   0.00425000
  0.07736057   0.00425000
  0.07725905   0.00425000
  0.07715753   0.00425000
  0.07705601   0.00425000
  0.07695448   0.00425000
  0.07685296   0.00425000
  0.07675144   0.00425000
  0.07664992   0.00425000
  0.07654840   0.00425000
  0.07644688   0.00425000
  0.07634536   0.00425000
  0.07624383   0.00425000
  0.07614231   0.00425000
  0.07604079   0.00425000
  0.07593927   0.00425000
  0.07583775   0.00425000
  0.07573623   0.00425000
  0.07563470   0.00425000
  0.07553318   0.00425000
  0.07543166   0.00425000
  0.07533014   0.00425000
  0.07522862   0.00425000
  0.07512710   0.00425000
  0.07502558   0.00425000
  0.07492405   0.00425000
  0.07482253   0.00425000
  0.07472101   0.00425000
  0.07461949   0.00425000
  0.07451797   0.00425000
  0.07441645   0.00425000
  0.07431492   0.00425000
  0.07421340   0.00425000
  0.07411188   0.00425000
  0.07401036   0.00425000
  0.07390884   0.00425000
  0.07380732   0.00425000
  0.07370580   0.00425000
  0.07360427   0.00425000
  0.07350275   0.00425000
  0.07340123   0.00425000
  0.07329971   0.00425000
  0.07319819   0.00425000
  0.07309667   0.00425000
  0.07299515   0.00425000
  0.07289362   0.00425000
  0.07279210   0.00425000
  0.07269058   0.00425000
  0.07258906   0.00425000
  0.07248754   0.00425000
  0.07238602   0.00425000
  0.07228449   0.00425000
  0.07218297   0.00425000
  0.07208145   0.00425000
  0.07197993   0.00425000
  0.07187841   0.00425000
  0.07177689   0.00425000
  0.07167537   0.00425000
  0.07157384   0.00425000
  0.07147232   0.00425000
  0.07137080   0.00425000
  0.07126928   0.00425000
  0.07116776   0.00425000
  0.07106624   0.00425000
  0.07096471   0.00425000
  0.07086319   0.00425000
  0.07076167   0.00425000
  0.07066015   0.00425000
  0.07055863   0.00425000
  0.07045711   0.00425000
  0.07035559   0.00425000
  0.07025406   0.00425000
  0.07015254   0.00425000
  0.07005102   0.00425000
  0.06994950   0.00425000
  0.06984798   0.00425000
  0.06974646   0.00425000
  0.06964493   0.00425000
  0.06954341   0.00425000
  0.06944189   0.00425000
  0.06934037   0.00425000
  0.06923885   0.00425000
  0.06913733   0.00425000
  0.06903581   0.00425000
  0.06893428   0.00425000
  0.06883276   0.00425000
  0.06873124   0.00425000
  0.06862972   0.00425000
  0.06852820   0.00425000
  0.06842668   0.00425000
  0.06832516   0.00425000
  0.06822363   0.00425000
  0.06812211   0.00425000
  0.06802059   0.00425000
  0.06791907   0.00425000
  0.06781755   0.00425000
  0.06771603   0.00425000
  0.06761450   0.00425000
  0.06751298   0.00425000
  0.06741146   0.00425000
  0.06730994   0.00425000
  0.06720842   0.00425000
  0.06710690   0.00425000
  0.06700538   0.00425000
  0.06690385   0.00425000
  0.06680233   0.00425000
  0.06670081   0.00425000
  0.06659929   0.00425000
  0.06649777   0.00425000
  0.06639625   0.00425000
  0.06629472   0.00425000
  0.06619320   0.00425000
  0.06609168   0.00425000
  0.06599016   0.00425000
  0.06588864   0.00425000
  0.06578712   0.00425000
  0.06568560   0.00425000
  0.06558407   0.00425000
  0.06548255   0.00425000
  0.06538103   0.00425000
  0.06527951   0.00425000
  0.06517799   0.00425000
  0.06507647   0.00425000
  0.06497494   0.00425000
  0.06487342   0.00425000
  0.06477190   0.00425000
  0.06467038   0.00425000
  0.06456886   0.00425000
  0.06446734   0.00425000
  0.06436582   0.00425000
  0.06426429   0.00425000
  0.06416277   0.00425000
  0.06406125   0.00425000
  0.06395973   0.00425000
  0.06385821   0.00425000
  0.06375669   0.00425000
  0.06365517   0.00425000
  0.06355364   0.00425000
  0.06345212   0.00425000
  0.06335060   0.00425000
  0.06324908   0.00425000
  0.06314756   0.00425000
  0.06304604   0.00425000
  0.06294451   0.00425000
  0.06284299   0.00425000
  0.06274147   0.00425000
  0.06263995   0.00425000
  0.06253843   0.00425000
  0.06243691   0.00425000
  0.06233539   0.00425000
  0.06223386   0.00425000
  0.06213234   0.00425000
  0.06203082   0.00425000
  0.06192930   0.00425000
  0.06182778   0.00425000
  0.06172626   0.00425000
  0.06162473   0.00425000
  0.06152321   0.00425000
  0.06142169   0.00425000
  0.06132017   0.00425000
  0.06121865   0.00425000
  0.06111713   0.00425000
  0.06101561   0.00425000
  0.06091408   0.00425000
  0.06081256   0.00425000
  0.06071104   0.00425000
  0.06060952   0.00425000
  0.06050800   0.00425000
  0.06040648   0.00425000
  0.06030495   0.00425000
  0.06020343   0.00425000
  0.06010191   0.00425000
  0.06000039   0.00425000
  0.05989887   0.00425000
  0.05979735   0.00425000
  0.05969583   0.00425000
  0.05959430   0.00425000
  0.05949278   0.00425000
  0.05939126   0.00425000
  0.05928974   0.00425000
  0.05918822   0.00425000
  0.05908670   0.00425000
  0.05898518   0.00425000
  0.05888365   0.00425000
  0.05878213   0.00425000
  0.05868061   0.00425000
  0.05857909   0.00425000
  0.05847757   0.00425000
  0.05837605   0.00425000
  0.05827452   0.00425000
  0.05817300   0.00425000
  0.05807148   0.00425000
  0.05796996   0.00425000
  0.05786844   0.00425000
  0.05776692   0.00425000
  0.05766540   0.00425000
  0.05756387   0.00425000
  0.05746235   0.00425000
  0.05736083   0.00425000
  0.05725931   0.00425000
  0.05715779   0.00425000
  0.05705627   0.00425000
  0.05695474   0.00425000
  0.05685322   0.00425000
  0.05675170   0.00425000
  0.05665018   0.00425000
  0.05654866   0.00425000
  0.05644714   0.00425000
  0.05634562   0.00425000
  0.05624409   0.00425000
  0.05614257   0.00425000
  0.05604105   0.00425000
  0.05593953   0.00425000
  0.05583801   0.00425000
  0.05573649   0.00425000
  0.05563496   0.00425000
  0.05553344   0.00425000
  0.05543192   0.00425000
  0.05533040   0.00425000
  0.05522888   0.00425000
  0.05512736   0.00425000
  0.05502584   0.00425000
  0.05492431   0.00425000
  0.05482279   0.00425000
  0.05472127   0.00425000
  0.05461975   0.00425000
  0.05451823   0.00425000
  0.05441671   0.00425000
  0.05431519   0.00425000
  0.05421366   0.00425000
  0.05411214   0.00425000
  0.05401062   0.00425000
  0.05390910   0.00425000
  0.05380758   0.00425000
  0.05370606   0.00425000
  0.05360453   0.00425000
  0.05350301   0.00425000
  0.05340149   0.00425000
  0.05329997   0.00425000
  0.05319845   0.00425000
  0.05309693   0.00425000
  0.05299541   0.00425000
  0.05289388   0.00425000
  0.05279236   0.00425000
  0.05269084   0.00425000
  0.05258932   0.00425000
  0.05248780   0.00425000
  0.05238628   0.00425000
  0.05228475   0.00425000
  0.05218323   0.00425000
  0.05208171   0.00425000
  0.05198019   0.00425000
  0.05187867   0.00425000
  0.05177715   0.00425000
  0.05167563   0.00425000
  0.05157410   0.00425000
  0.05147258   0.00425000
  0.05137106   0.00425000
  0.05126954   0.00425000
  0.05116802   0.00425000
  0.05106650   0.00425000
  0.05096497   0.00425000
  0.05086345   0.00425000
  0.05076193   0.00425000
  0.05066041   0.00425000
  0.05055889   0.00425000
  0.05045737   0.00425000
  0.05035585   0.00425000
  0.05025432   0.00425000
  0.05015280   0.00425000
  0.05005128   0.00425000
  0.04994976   0.00425000
  0.04984824   0.00425000
  0.04974672   0.00425000
  0.04964520   0.00425000
  0.04954367   0.00425000
  0.04944215   0.00425000
  0.04934063   0.00425000
  0.04923911   0.00425000
  0.04913759   0.00425000
  0.04903607   0.00425000
  0.04893454   0.00425000
  0.04883302   0.00425000
  0.04873150   0.00425000
  0.04862998   0.00425000
  0.04852846   0.00425000
  0.04842694   0.00425000
  0.04832542   0.00425000
  0.04822389   0.00425000
  0.04812237   0.00425000
  0.04802085   0.00425000
  0.04791933   0.00425000
  0.04781781   0.00425000
  0.04771629   0.00425000
  0.04761476   0.00425000
  0.04751324   0.00425000
  0.04741172   0.00425000
  0.04731020   0.00425000
  0.04720868   0.00425000
  0.04710716   0.00425000
  0.04700564   0.00425000
  0.04690411   0.00425000
  0.04680259   0.00425000
  0.04670107   0.00425000
  0.04659955   0.00425000
  0.04649803   0.00425000
  0.04639651   0.00425000
  0.04629498   0.00425000
  0.04619346   0.00425000
  0.04609194   0.00425000
  0.04599042   0.00425000
  0.04588890   0.00425000
  0.04578738   0.00425000
  0.04568586   0.00425000
  0.04558433   0.00425000
  0.04548281   0.00425000
  0.04538129   0.00425000
  0.04527977   0.00425000
  0.04517825   0.00425000
  0.04507673   0.00425000
  0.04497521   0.00425000
  0.04487368   0.00425000
  0.04477216   0.00425000
  0.04467064   0.00425000
  0.04456912   0.00425000
  0.04446760   0.00425000
  0.04436608   0.00425000
  0.04426455   0.00425000
  0.04416303   0.00425000
  0.04406151   0.00425000
  0.04395999   0.00425000
  0.04385847   0.00425000
  0.04375695   0.00425000
  0.04365543   0.00425000
  0.04355390   0.00425000
  0.04345238   0.00425000
  0.04335086   0.00425000
  0.04324934   0.00425000
  0.04314782   0.00425000
  0.04304630   0.00425000
  0.04294477   0.00425000
  0.04284325   0.00425000
  0.04274173   0.00425000
  0.04264021   0.00425000
  0.04253869   0.00425000
  0.04243717   0.00425000
  0.04233565   0.00425000
  0.04223412   0.00425000
  0.04213260   0.00425000
  0.04203108   0.00425000
  0.04192956   0.00425000
  0.04182804   0.00425000
  0.04172652   0.00425000
  0.04162499   0.00425000
  0.04152347   0.00425000
  0.04142195   0.00425000
  0.04132043   0.00425000
  0.04121891   0.00425000
  0.04111739   0.00425000
  0.04101587   0.00425000
  0.04091434   0.00425000
  0.04081282   0.00425000
  0.04071130   0.00425000
  0.04060978   0.00425000
  0.04050826   0.00425000
  0.04040674   0.00425000
  0.04030522   0.00425000
  0.04020369   0.00425000
  0.04010217   0.00425000
  0.04000065   0.00425000
  0.03989913   0.00425000
  0.03979761   0.00425000
  0.03969609   0.00425000
  0.03959456   0.00425000
  0.03949304   0.00425000
  0.03939152   0.00425000
  0.03929000   0.00425000
