  0.03929000   0.00425000
  0.03939152   0.00425000
  0.03949304   0.00425000
  0.03959456   0.00425000
  0.03969609   0.00425000
  0.03979761   0.00425000
  0.03989913   0.00425000
  0.04000065   0.00425000
  0.04010217   0.00425000
  0.04020369   0.00425000
  0.04030522   0.00425000
  0.04040674   0.00425000
  0.04050826   0.00425000
  0.04060978   0.00425000
  0.04071130   0.00425000
  0.04081282   0.00425000
  0.04091434   0.00425000
  0.04101587   0.00425000
  0.04111739   0.00425000
  0.04121891   0.00425000
  0.04132043   0.00425000
  0.04142195   0.00425000
  0.04152347   0.00425000
  0.04162499   0.00425000
  0.04172652   0.00425000
  0.04182804   0.00425000
  0.04192956   0.00425000
  0.04203108   0.00425000
  0.04213260   0.00425000
  0.04223412   0.00425000
  0.04233565   0.00425000
  0.04243717   0.00425000
  0.04253869   0.00425000
  0.04264021   0.00425000
  0.04274173   0.00425000
  0.04284325   0.00425000
  0.04294477   0.00425000
  0.04304630   0.00425000
  0.04314782   0.00425000
  0.04324934   0.00425000
  0.04335086   0.00425000
  0.04345238   0.00425000
  0.04355390   0.00425000
  0.04365543   0.00425000
  0.04375695   0.00425000
  0.04385847   0.00425000
  0.04395999   0.00425000
  0.04406151   0.00425000
  0.04416303   0.00425000
  0.04426455   0.00425000
  0.04436608   0.00425000
  0.04446760   0.00425000
  0.04456912   0.00425000
  0.04467064   0.00425000
  0.04477216   0.00425000
  0.04487368   0.00425000
  0.04497521   0.00425000
  0.04507673   0.00425000
  0.04517825   0.00425000
  0.04527977   0.00425000
  0.04538129   0.00425000
  0.04548281   0.00425000
  0.04558433   0.00425000
  0.04568586   0.00425000
  0.04578738   0.00425000
  0.04588890   0.00425000
  0.04599042   0.00425000
  0.04609194   0.00425000
  0.04619346   0.00425000
  0.04629498   0.00425000
  0.04639651   0.00425000
  0.04649803   0.00425000
  0.04659955   0.00425000
  0.04670107   0.00425000
  0.04680259   0.00425000
  0.04690411   0.00425000
  0.04700564   0.00425000
  0.04710716   0.00425000
  0.04720868   0.00425000
  0.04731020   0.00425000
  0.04741172   0.00425000
  0.04751324   0.00425000
  0.04761476   0.00425000
  0.04771629   0.00425000
  0.04781781   0.00425000
  0.04791933   0.00425000
  0.04802085   0.00425000
  0.04812237   0.00425000
  0.04822389   0.00425000
  0.04832542   0.00425000
  0.04842694   0.00425000
  0.04852846   0.00425000
  0.04862998   0.00425000
  0.04873150   0.00425000
  0.04883302   0.00425000
  0.04893454   0.00425000
  0.04903607   0.00425000
  0.04913759   0.00425000
  0.04923911   0.00425000
  0.04934063   0.00425000
  0.04944215   0.00425000
  0.04954367   0.00425000
  0.04964520   0.00425000
  0.04974672   0.00425000
  0.04984824   0.00425000
  0.04994976   0.00425000
  0.05005128   0.00425000
  0.05015280   0.00425000
  0.05025432   0.00425000
  0.05035585   0.00425000
  0.05045737   0.00425000
  0.05055889   0.00425000
  0.05066041   0.00425000
  0.05076193   0.00425000
  0.05086345   0.00425000
  0.05096497   0.00425000
  0.05106650   0.00425000
  0.05116802   0.00425000
  0.05126954   0.00425000
  0.05137106   0.00425000
  0.05147258   0.00425000
  0.05157410   0.00425000
  0.05167563   0.00425000
  0.05177715   0.00425000
  0.05187867   0.00425000
  0.05198019   0.00425000
  0.05208171   0.00425000
  0.05218323   0.00425000
  0.05228475   0.00425000
  0.05238628   0.00425000
  0.05248780   0.00425000
  0.05258932   0.00425000
  0.05269084   0.00425000
  0.05279236   0.00425000
  0.05289388   0.00425000
  0.05299541   0.00425000
  0.05309693   0.00425000
  0.05319845   0.00425000
  0.05329997   0.00425000
  0.05340149   0.00425000
  0.05350301   0.00425000
  0.05360453   0.00425000
  0.05370606   0.00425000
  0.05380758   0.00425000
  0.05390910   0.00425000
  0.05401062   0.00425000
  0.05411214   0.00425000
  0.05421366   0.00425000
  0.05431519   0.00425000
  0.05441671   0.00425000
  0.05451823   0.00425000
  0.05461975   0.00425000
  0.05472127   0.00425000
  0.05482279   0.00425000
  0.05492431   0.00425000
  0.05502584   0.00425000
  0.05512736   0.00425000
  0.05522888   0.00425000
  0.05533040   0.00425000
  0.05543192   0.00425000
  0.05553344   0.00425000
  0.05563496   0.00425000
  0.05573649   0.00425000
  0.05583801   0.00425000
  0.05593953   0.00425000
  0.05604105   0.00425000
  0.05614257   0.00425000
  0.05624409   0.00425000
  0.05634562   0.00425000
  0.05644714   0.00425000
  0.05654866   0.00425000
  0.05665018   0.00425000
  0.05675170   0.00425000
  0.05685322   0.00425000
  0.05695474   0.00425000
  0.05705627   0.00425000
  0.05715779   0.00425000
  0.05725931   0.00425000
  0.05736083   0.00425000
  0.05746235   0.00425000
  0.05756387   0.00425000
  0.05766540   0.00425000
  0.05776692   0.00425000
  0.05786844   0.00425000
  0.05796996   0.00425000
  0.05807148   0.00425000
  0.05817300   0.00425000
  0.05827452   0.00425000
  0.05837605   0.00425000
  0.05847757   0.00425000
  0.05857909   0.00425000
  0.05868061   0.00425000
  0.05878213   0.00425000
  0.05888365   0.00425000
  0.05898518   0.00425000
  0.05908670   0.00425000
  0.05918822   0.00425000
  0.05928974   0.00425000
  0.05939126   0.00425000
  0.05949278   0.00425000
  0.05959430   0.00425000
  0.05969583   0.00425000
  0.05979735   0.00425000
  0.05989887   0.00425000
  0.06000039   0.00425000
  0.06010191   0.00425000
  0.06020343   0.00425000
  0.06030495   0.00425000
  0.06040648   0.00425000
  0.06050800   0.00425000
  0.06060952   0.00425000
  0.06071104   0.00425000
  0.06081256   0.00425000
  0.06091408   0.00425000
  0.06101561   0.00425000
  0.06111713   0.00425000
  0.06121865   0.00425000
  0.06132017   0.00425000
  0.06142169   0.00425000
  0.06152321   0.00425000
  0.06162473   0.00425000
  0.06172626   0.00425000
  0.06182778   0.00425000
  0.06192930   0.00425000
  0.06203082   0.00425000
  0.06213234   0.00425000
  0.06223386   0.00425000
  0.06233539   0.00425000
  0.06243691   0.00425000
  0.06253843   0.00425000
  0.06263995   0.00425000
  0.06274147   0.00425000
  0.06284299   0.00425000
  0.06294451   0.00425000
  0.06304604   0.00425000
  0.06314756   0.00425000
  0.06324908   0.00425000
  0.06335060   0.00425000
  0.06345212   0.00425000
  0.06355364   0.00425000
  0.06365517   0.00425000
  0.06375669   0.00425000
  0.06385821   0.00425000
  0.06395973   0.00425000
  0.06406125   0.00425000
  0.06416277   0.00425000
  0.06426429   0.00425000
  0.06436582   0.00425000
  0.06446734   0.00425000
  0.06456886   0.00425000
  0.06467038   0.00425000
  0.06477190   0.00425000
  0.06487342   0.00425000
  0.06497494   0.00425000
  0.06507647   0.00425000
  0.06517799   0.00425000
  0.06527951   0.00425000
  0.06538103   0.00425000
  0.06548255   0.00425000
  0.06558407   0.00425000
  0.06568560   0.00425000
  0.06578712   0.00425000
  0.06588864   0.00425000
  0.06599016   0.00425000
  0.06609168   0.00425000
  0.06619320   0.00425000
  0.06629472   0.00425000
  0.06639625   0.00425000
  0.06649777   0.00425000
  0.06659929   0.00425000
  0.06670081   0.00425000
  0.06680233   0.00425000
  0.06690385   0.00425000
  0.06700538   0.00425000
  0.06710690   0.00425000
  0.06720842   0.00425000
  0.06730994   0.00425000
  0.06741146   0.00425000
  0.06751298   0.00425000
  0.06761450   0.00425000
  0.06771603   0.00425000
  0.06781755   0.00425000
  0.06791907   0.00425000
  0.06802059   0.00425000
  0.06812211   0.00425000
  0.06822363   0.00425000
  0.06832516   0.00425000
  0.06842668   0.00425000
  0.06852820   0.00425000
  0.06862972   0.00425000
  0.06873124   0.00425000
  0.06883276   0.00425000
  0.06893428   0.00425000
  0.06903581   0.00425000
  0.06913733   0.00425000
  0.06923885   0.00425000
  0.06934037   0.00425000
  0.06944189   0.00425000
  0.06954341   0.00425000
  0.06964493   0.00425000
  0.06974646   0.00425000
  0.06984798   0.00425000
  0.06994950   0.00425000
  0.07005102   0.00425000
  0.07015254   0.00425000
  0.07025406   0.00425000
  0.07035559   0.00425000
  0.07045711   0.00425000
  0.07055863   0.00425000
  0.07066015   0.00425000
  0.07076167   0.00425000
  0.07086319   0.00425000
  0.07096471   0.00425000
  0.07106624   0.00425000
  0.07116776   0.00425000
  0.07126928   0.00425000
  0.07137080   0.00425000
  0.07147232   0.00425000
  0.07157384   0.00425000
  0.07167537   0.00425000
  0.07177689   0.00425000
  0.07187841   0.00425000
  0.07197993   0.00425000
  0.07208145   0.00425000
  0.07218297   0.00425000
  0.07228449   0.00425000
  0.07238602   0.00425000
  0.07248754   0.00425000
  0.07258906   0.00425000
  0.07269058   0.00425000
  0.07279210   0.00425000
  0.07289362   0.00425000
  0.07299515   0.00425000
  0.07309667   0.00425000
  0.07319819   0.00425000
  0.07329971   0.00425000
  0.07340123   0.00425000
  0.07350275   0.00425000
  0.07360427   0.00425000
  0.07370580   0.00425000
  0.07380732   0.00425000
  0.07390884   0.00425000
  0.07401036   0.00425000
  0.07411188   0.00425000
  0.07421340   0.00425000
  0.07431492   0.00425000
  0.07441645   0.00425000
  0.07451797   0.00425000
  0.07461949   0.00425000
  0.07472101   0.00425000
  0.07482253   0.00425000
  0.07492405   0.00425000
  0.07502558   0.00425000
  0.07512710   0.00425000
  0.07522862   0.00425000
  0.07533014   0.00425000
  0.07543166   0.00425000
  0.07553318   0.00425000
  0.07563470   0.00425000
  0.07573623   0.00425000
  0.07583775   0.00425000
  0.07593927   0.00425000
  0.07604079   0.00425000
  0.07614231   0.00425000
  0.07624383   0.00425000
  0.07634536   0.00425000
  0.07644688   0.00425000
  0.07654840   0.00425000
  0.07664992   0.00425000
  0.07675144   0.00425000
  0.07685296   0.00425000
  0.07695448   0.00425000
  0.07705601   0.00425000
  0.07715753   0.00425000
  0.07725905   0.00425000
  0.07736057   0.00425000
  0.07746209   0.00425000
  0.07756361   0.00425000
  0.07766514   0.00425000
  0.07776666   0.00425000
  0.07786818   0.00425000
  0.07796970   0.00425000
  0.07807122   0.00425000
  0.07817274   0.00425000
  0.07827426   0.00425000
  0.07837579   0.00425000
  0.07847731   0.00425000
  0.07857883   0.00425000
  0.07868035   0.00425000
  0.07878187   0.00425000
  0.07888339   0.00425000
  0.07898491   0.00425000
  0.07908644   0.00425000
  0.07918796   0.00425000
  0.07928948   0.00425000
  0.07939100   0.00425000
  0.07949252   0.00425000
  0.07959404   0.00425000
  0.07969557   0.00425000
  0.07979709   0.00425000
  0.07989861   0.00425000
  0.08000013   0.00425000
  0.08010165   0.00425000
  0.08020317   0.00425000
  0.08030469   0.00425000
  0.08040622   0.00425000
  0.08050774   0.00425000
  0.08060926   0.00425000
  0.08071078   0.00425000
  0.08081230   0.00425000
  0.08091382   0.00425000
  0.08101535   0.00425000
  0.08111687   0.00425000
  0.08121839   0.00425000
  0.08131991   0.00425000
  0.08142143   0.00425000
  0.08152295   0.00425000
  0.08162447   0.00425000
  0.08172600   0.00425000
  0.08182752   0.00425000
  0.08192904   0.00425000
  0.08203056   0.00425000
  0.08213208   0.00425000
  0.08223360   0.00425000
  0.08233513   0.00425000
  0.08243665   0.00425000
  0.08253817   0.00425000
  0.08263969   0.00425000
  0.08274121   0.00425000
  0.08284273   0.00425000
  0.08294425   0.00425000
  0.08304578   0.00425000
  0.08314730   0.00425000
  0.08324882   0.00425000
  0.08335034   0.00425000
  0.08345186   0.00425000
  0.08355338   0.00425000
  0.08365490   0.00425000
  0.08375643   0.00425000
  0.08385795   0.00425000
  0.08395947   0.00425000
  0.08406099   0.00425000
  0.08416251   0.00425000
  0.08426403   0.00425000
  0.08436556   0.00425000
  0.08446708   0.00425000
  0.08456860   0.00425000
  0.08467012   0.00425000
  0.08477164   0.00425000
  0.08487316   0.00425000
  0.08497468   0.00425000
  0.08507621   0.00425000
  0.08517773   0.00425000
  0.08527925   0.00425000
  0.08538077   0.00425000
  0.08548229   0.00425000
  0.08558381   0.00425000
  0.08568534   0.00425000
  0.08578686   0.00425000
  0.08588838   0.00425000
  0.08598990   0.00425000
  0.08609142   0.00425000
  0.08619294   0.00425000
  0.08629446   0.00425000
  0.08639599   0.00425000
  0.08649751   0.00425000
  0.08659903   0.00425000
  0.08670055   0.00425000
  0.08680207   0.00425000
  0.08690359   0.00425000
  0.08700512   0.00425000
  0.08710664   0.00425000
  0.08720816   0.00425000
  0.08730968   0.00425000
  0.08741120   0.00425000
  0.08751272   0.00425000
  0.08761424   0.00425000
  0.08771577   0.00425000
  0.08781729   0.00425000
  0.08791881   0.00425000
  0.08802033   0.00425000
  0.08812185   0.00425000
  0.08822337   0.00425000
  0.08832489   0.00425000
  0.08842642   0.00425000
  0.08852794   0.00425000
  0.08862946   0.00425000
  0.08873098   0.00425000
  0.08883250   0.00425000
  0.08893402   0.00425000
  0.08903555   0.00425000
  0.08913707   0.00425000
  0.08923859   0.00425000
  0.08934011   0.00425000
  0.08944163   0.00425000
  0.08954315   0.00425000
  0.08964467   0.00425000
  0.08974620   0.00425000
  0.08984772   0.00425000
  0.08994924   0.00425000
  0.09005076   0.00425000
  0.09015228   0.00425000
  0.09025380   0.00425000
  0.09035533   0.00425000
  0.09045685   0.00425000
  0.09055837   0.00425000
  0.09065989   0.00425000
  0.09076141   0.00425000
  0.09086293   0.00425000
  0.09096445   0.00425000
  0.09106598   0.00425000
  0.09116750   0.00425000
  0.09126902   0.00425000
  0.09137054   0.00425000
  0.09147206   0.00425000
  0.09157358   0.00425000
  0.09167511   0.00425000
  0.09177663   0.00425000
  0.09187815   0.00425000
  0.09197967   0.00425000
  0.09208119   0.00425000
  0.09218271   0.00425000
  0.09228423   0.00425000
  0.09238576   0.00425000
  0.09248728   0.00425000
  0.09258880   0.00425000
  0.09269032   0.00425000
  0.09279184   0.00425000
  0.09289336   0.00425000
  0.09299488   0.00425000
  0.09309641   0.00425000
  0.09319793   0.00425000
  0.09329945   0.00425000
  0.09340097   0.00425000
  0.09350249   0.00425000
  0.09360401   0.00425000
  0.09370554   0.00425000
  0.09380706   0.00425000
  0.09390858   0.00425000
  0.09401010   0.00425000
  0.09411162   0.00425000
  0.09421314   0.00425000
  0.09431466   0.00425000
  0.09441619   0.00425000
  0.09451771   0.00425000
  0.09461923   0.00425000
  0.09472075   0.00425000
  0.09482227   0.00425000
  0.09492379   0.00425000
  0.09502532   0.00425000
  0.09512684   0.00425000
  0.09522836   0.00425000
  0.09532988   0.00425000
  0.09543140   0.00425000
  0.09553292   0.00425000
  0.09563444   0.00425000
  0.09573597   0.00425000
  0.09583749   0.00425000
  0.09593901   0.00425000
  0.09604053   0.00425000
  0.09614205   0.00425000
  0.09624357   0.00425000
  0.09634510   0.00425000
  0.09644662   0.00425000
  0.09654814   0.00425000
  0.09664966   0.00425000
  0.09675118   0.00425000
  0.09685270   0.00425000
  0.09695422   0.00425000
  0.09705575   0.00425000
  0.09715727   0.00425000
  0.09725879   0.00425000
  0.09736031   0.00425000
  0.09746183   0.00425000
  0.09756335   0.00425000
  0.09766487   0.00425000
  0.09776640   0.00425000
  0.09786792   0.00425000
  0.09796944   0.00425000
  0.09807096   0.00425000
  0.09817248   0.00425000
  0.09827400   0.00425000
  0.09837553   0.00425000
  0.09847705   0.00425000
  0.09857857   0.00425000
  0.09868009   0.00425000
  0.09878161   0.00425000
  0.09888313   0.00425000
  0.09898465   0.00425000
  0.09908618   0.00425000
  0.09918770   0.00425000
  0.09928922   0.00425000
  0.09939074   0.00425000
  0.09949226   0.00425000
  0.09959378   0.00425000
  0.09969531   0.00425000
  0.09979683   0.00425000
  0.09989835   0.00425000
  0.09999987   0.00425000
  0.10010139   0.00425000
  0.10020291   0.00425000
  0.10030443   0.00425000
  0.10040596   0.00425000
  0.10050748   0.00425000
  0.10060900   0.00425000
  0.10071052   0.00425000
  0.10081204   0.00425000
  0.10091356   0.00425000
  0.10101509   0.00425000
  0.10111661   0.00425000
  0.10121813   0.00425000
  0.10131965   0.00425000
  0.10142117   0.00425000
  0.10152269   0.00425000
  0.10162421   0.00425000
  0.10172574   0.00425000
  0.10182726   0.00425000
  0.10192878   0.00425000
  0.10203030   0.00425000
  0.10213182   0.00425000
  0.10223334   0.00425000
  0.10233486   0.00425000
  0.10243639   0.00425000
  0.10253791   0.00425000
  0.10263943   0.00425000
  0.10274095   0.00425000
  0.10284247   0.00425000
  0.10294399   0.00425000
  0.10304552   0.00425000
  0.10314704   0.00425000
  0.10324856   0.00425000
  0.10335008   0.00425000
  0.10345160   0.00425000
  0.10355312   0.00425000
  0.10365464   0.00425000
  0.10375617   0.00425000
  0.10385769   0.00425000
  0.10395921   0.00425000
  0.10406073   0.00425000
  0.10416225   0.00425000
  0.10426377   0.00425000
  0.10436530   0.00425000
  0.10446682   0.00425000
  0.10456834   0.00425000
  0.10466986   0.00425000
  0.10477138   0.00425000
  0.10487290   0.00425000
  0.10497442   0.00425000
  0.10507595   0.00425000
  0.10517747   0.00425000
  0.10527899   0.00425000
  0.10538051   0.00425000
  0.10548203   0.00425000
  0.10558355   0.00425000
  0.10568508   0.00425000
  0.10578660   0.00425000
  0.10588812   0.00425000
  0.10598964   0.00425000
  0.10609116   0.00425000
  0.10619268   0.00425000
  0.10629420   0.00425000
  0.10639573   0.00425000
  0.10649725   0.00425000
  0.10659877   0.00425000
  0.10670029   0.00425000
  0.10680181   0.00425000
  0.10690333   0.00425000
  0.10700485   0.00425000
  0.10710638   0.00425000
  0.10720790   0.00425000
  0.10730942   0.00425000
  0.10741094   0.00425000
  0.10751246   0.00425000
  0.10761398   0.00425000
  0.10771551   0.00425000
  0.10781703   0.00425000
  0.10791855   0.00425000
  0.10802007   0.00425000
  0.10812159   0.00425000
  0.10822311   0.00425000
  0.10832463   0.00425000
  0.10842616   0.00425000
  0.10852768   0.00425000
  0.10862920   0.00425000
  0.10873072   0.00425000
  0.10883224   0.00425000
  0.10893376   0.00425000
  0.10903529   0.00425000
  0.10913681   0.00425000
  0.10923833   0.00425000
  0.10933985   0.00425000
  0.10944137   0.00425000
  0.10954289   0.00425000
  0.10964441   0.00425000
  0.10974594   0.00425000
  0.10984746   0.00425000
  0.10994898   0.00425000
  0.11005050   0.00425000
  0.11015202   0.00425000
  0.11025354   0.00425000
  0.11035507   0.00425000
  0.11045659   0.00425000
  0.11055811   0.00425000
  0.11065963   0.00425000
  0.11076115   0.00425000
  0.11086267   0.00425000
  0.11096419   0.00425000
  0.11106572   0.00425000
  0.11116724   0.00425000
  0.11126876   0.00425000
  0.11137028   0.00425000
  0.11147180   0.00425000
  0.11157332   0.00425000
  0.11167484   0.00425000
  0.11177637   0.00425000
  0.11187789   0.00425000
  0.11197941   0.00425000
  0.11208093   0.00425000
  0.11218245   0.00425000
  0.11228397   0.00425000
  0.11238550   0.00425000
  0.11248702   0.00425000
  0.11258854   0.00425000
  0.11269006   0.00425000
  0.11279158   0.00425000
  0.11289310   0.00425000
  0.11299462   0.00425000
  0.11309615   0.00425000
  0.11319767   0.00425000
  0.11329919   0.00425000
  0.11340071   0.00425000
  0.11350223   0.00425000
  0.11360375   0.00425000
  0.11370528   0.00425000
  0.11380680   0.00425000
  0.11390832   0.00425000
  0.11400984   0.00425000
  0.11411136   0.00425000
  0.11421288   0.00425000
  0.11431440   0.00425000
  0.11441593   0.00425000
  0.11451745   0.00425000
  0.11461897   0.00425000
  0.11472049   0.00425000
  0.11482201   0.00425000
  0.11492353   0.00425000
  0.11502506   0.00425000
  0.11512658   0.00425000
  0.11522810   0.00425000
  0.11532962   0.00425000
  0.11543114   0.00425000
  0.11553266   0.00425000
  0.11563418   0.00425000
  0.11573571   0.00425000
  0.11583723   0.00425000
  0.11593875   0.00425000
  0.11604027   0.00425000
  0.11614179   0.00425000
  0.11624331   0.00425000
  0.11634483   0.00425000
  0.11644636   0.00425000
  0.11654788   0.00425000
  0.11664940   0.00425000
  0.11675092   0.00425000
  0.11685244   0.00425000
  0.11695396   0.00425000
  0.11705549   0.00425000
  0.11715701   0.00425000
  0.11725853   0.00425000
  0.11736005   0.00425000
  0.11746157   0.00425000
  0.11756309   0.00425000
  0.11766461   0.00425000
  0.11776614   0.00425000
  0.11786766   0.00425000
  0.11796918   0.00425000
  0.11807070   0.00425000
  0.11817222   0.00425000
  0.11827374   0.00425000
  0.11837527   0.00425000
  0.11847679   0.00425000
  0.11857831   0.00425000
  0.11867983   0.00425000
  0.11878135   0.00425000
  0.11888287   0.00425000
  0.11898439   0.00425000
  0.11908592   0.00425000
  0.11918744   0.00425000
  0.11928896   0.00425000
  0.11939048   0.00425000
  0.11949200   0.00425000
  0.11959352   0.00425000
  0.11969505   0.00425000
  0.11979657   0.00425000
  0.11989809   0.00425000
  0.11999961   0.00425000
  0.12010113   0.00425000
  0.12020265   0.00425000
  0.12030417   0.00425000
  0.12040570   0.00425000
  0.12050722   0.00425000
  0.12060874   0.00425000
  0.12071026   0.00425000
  0.12081178   0.00425000
  0.12091330   0.00425000
  0.12101482   0.00425000
  0.12111635   0.00425000
  0.12121787   0.00425000
  0.12131939   0.00425000
  0.12142091   0.00425000
  0.12152243   0.00425000
  0.12162395   0.00425000
  0.12172548   0.00425000
  0.12182700   0.00425000
  0.12192852   0.00425000
  0.12203004   0.00425000
  0.12213156   0.00425000
  0.12223308   0.00425000
  0.12233460   0.00425000
  0.12243613   0.00425000
  0.12253765   0.00425000
  0.12263917   0.00425000
  0.12274069   0.00425000
  0.12284221   0.00425000
  0.12294373   0.00425000
  0.12304526   0.00425000
  0.12314678   0.00425000
  0.12324830   0.00425000
  0.12334982   0.00425000
  0.12345134   0.00425000
  0.12355286   0.00425000
  0.12365438   0.00425000
  0.12375591   0.00425000
  0.12385743   0.00425000
  0.12395895   0.00425000
  0.12406047   0.00425000
  0.12416199   0.00425000
  0.12426351   0.00425000
  0.12436504   0.00425000
  0.12446656   0.00425000
  0.12456808   0.00425000
  0.12466960   0.00425000
  0.12477112   0.00425000
  0.12487264   0.00425000
  0.12497416   0.00425000
  0.12507569   0.00425000
  0.12517721   0.00425000
  0.12527873   0.00425000
  0.12538025   0.00425000
  0.12548177   0.00425000
  0.12558329   0.00425000
  0.12568481   0.00425000
  0.12578634   0.00425000
  0.12588786   0.00425000
  0.12598938   0.00425000
  0.12609090   0.00425000
  0.12619242   0.00425000
  0.12629394   0.00425000
  0.12639547   0.00425000
  0.12649699   0.00425000
  0.12659851   0.00425000
  0.12670003   0.00425000
  0.12680155   0.00425000
  0.12690307   0.00425000
  0.12700459   0.00425000
  0.12710612   0.00425000
  0.12720764   0.00425000
  0.12730916   0.00425000
  0.12741068   0.00425000
  0.12751220   0.00425000
  0.12761372   0.00425000
  0.12771525   0.00425000
  0.12781677   0.00425000
  0.12791829   0.00425000
  0.12801981   0.00425000
  0.12812133   0.00425000
  0.12822285   0.00425000
  0.12832437   0.00425000
  0.12842590   0.00425000
  0.12852742   0.00425000
  0.12862894   0.00425000
  0.12873046   0.00425000
  0.12883198   0.00425000
  0.12893350   0.00425000
  0.12903503   0.00425000
  0.12913655   0.00425000
  0.12923807   0.00425000
  0.12933959   0.00425000
  0.12944111   0.00425000
  0.12954263   0.00425000
  0.12964415   0.00425000
  0.12974568   0.00425000
  0.12984720   0.00425000
  0.12994872   0.00425000
  0.13005024   0.00425000
  0.13015176   0.00425000
  0.13025328   0.00425000
  0.13035480   0.00425000
  0.13045633   0.00425000
  0.13055785   0.00425000
  0.13065937   0.00425000
  0.13076089   0.00425000
  0.13086241   0.00425000
  0.13096393   0.00425000
  0.13106546   0.00425000
  0.13116698   0.00425000
  0.13126850   0.00425000
  0.13137002   0.00425000
  0.13147154   0.00425000
  0.13157306   0.00425000
  0.13167458   0.00425000
  0.13177611   0.00425000
  0.13187763   0.00425000
  0.13197915   0.00425000
  0.13208067   0.00425000
  0.13218219   0.00425000
  0.13228371   0.00425000
  0.13238524   0.00425000
  0.13248676   0.00425000
  0.13258828   0.00425000
  0.13268980   0.00425000
  0.13279132   0.00425000
  0.13289284   0.00425000
  0.13299436   0.00425000
  0.13309589   0.00425000
  0.13319741   0.00425000
  0.13329893   0.00425000
  0.13340045   0.00425000
  0.13350197   0.00425000
  0.13360349   0.00425000
  0.13370502   0.00425000
  0.13380654   0.00425000
  0.13390806   0.00425000
  0.13400958   0.00425000
  0.13411110   0.00425000
  0.13421262   0.00425000
  0.13431414   0.00425000
  0.13441567   0.00425000
  0.13451719   0.00425000
  0.13461871   0.00425000
  0.13472023   0.00425000
  0.13482175   0.00425000
  0.13492327   0.00425000
  0.13502479   0.00425000
  0.13512632   0.00425000
  0.13522784   0.00425000
  0.13532936   0.00425000
  0.13543088   0.00425000
  0.13553240   0.00425000
  0.13563392   0.00425000
  0.13573545   0.00425000
  0.13583697   0.00425000
  0.13593849   0.00425000
  0.13604001   0.00425000
  0.13614153   0.00425000
  0.13624305   0.00425000
  0.13634457   0.00425000
  0.13644610   0.00425000
  0.13654762   0.00425000
  0.13664914   0.00425000
  0.13675066   0.00425000
  0.13685218   0.00425000
  0.13695370   0.00425000
  0.13705523   0.00425000
  0.13715675   0.00425000
  0.13725827   0.00425000
  0.13735979   0.00425000
  0.13746131   0.00425000
  0.13756283   0.00425000
  0.13766435   0.00425000
  0.13776588   0.00425000
  0.13786740   0.00425000
  0.13796892   0.00425000
  0.13807044   0.00425000
  0.13817196   0.00425000
  0.13827348   0.00425000
  0.13837501   0.00425000
  0.13847653   0.00425000
  0.13857805   0.00425000
  0.13867957   0.00425000
  0.13878109   0.00425000
  0.13888261   0.00425000
  0.13898413   0.00425000
  0.13908566   0.00425000
  0.13918718   0.00425000
  0.13928870   0.00425000
  0.13939022   0.00425000
  0.13949174   0.00425000
  0.13959326   0.00425000
  0.13969478   0.00425000
  0.13979631   0.00425000
  0.13989783   0.00425000
  0.13999935   0.00425000
  0.14010087   0.00425000
  0.14020239   0.00425000
  0.14030391   0.00425000
  0.14040544   0.00425000
  0.14050696   0.00425000
  0.14060848   0.00425000
  0.14071000   0.00425000
  0.14071000   0.00425000
  0.14060820   0.00428481
  0.14050640   0.00431961
  0.14040460   0.00435442
  0.14030280   0.00438923
  0.14020100   0.00442403
  0.14009920   0.00445884
  0.13999740   0.00449364
  0.13989560   0.00452845
  0.13979380   0.00456326
  0.13969200   0.00459806
  0.13959021   0.00463287
  0.13948841   0.00466768
  0.13938661   0.00470248
  0.13928481   0.00473729
  0.13918301   0.00477210
  0.13908121   0.00480690
  0.13897941   0.00484171
  0.13887761   0.00487651
  0.13877581   0.00491132
  0.13867401   0.00494613
  0.13857221   0.00498093
  0.13847041   0.00501574
  0.13836861   0.00505055
  0.13826681   0.00508535
  0.13816501   0.00512016
  0.13806321   0.00515497
  0.13796141   0.00518977
  0.13785961   0.00522458
  0.13775781   0.00525938
  0.13765601   0.00529419
  0.13755421   0.00532900
  0.13745241   0.00536380
  0.13735062   0.00539861
  0.13724882   0.00543342
  0.13714702   0.00546822
  0.13704522   0.00550303
  0.13694342   0.00553784
  0.13684162   0.00557264
  0.13673982   0.00560745
  0.13663802   0.00564226
  0.13653622   0.00567706
  0.13643442   0.00571187
  0.13633262   0.00574667
  0.13623082   0.00578148
  0.13612902   0.00581629
  0.13602722   0.00585109
  0.13592542   0.00588590
  0.13582362   0.00592071
  0.13572182   0.00595551
  0.13562002   0.00599032
  0.13551822   0.00602513
  0.13541642   0.00605993
  0.13531462   0.00609474
  0.13521282   0.00612954
  0.13511103   0.00616435
  0.13500923   0.00619916
  0.13490743   0.00623396
  0.13480563   0.00626877
  0.13470383   0.00630358
  0.13460203   0.00633838
  0.13450023   0.00637319
  0.13439843   0.00640800
  0.13429663   0.00644280
  0.13419483   0.00647761
  0.13409303   0.00651241
  0.13399123   0.00654722
  0.13388943   0.00658203
  0.13378763   0.00661683
  0.13368583   0.00665164
  0.13358403   0.00668645
  0.13348223   0.00672125
  0.13338043   0.00675606
  0.13327863   0.00679087
  0.13317683   0.00682567
  0.13307503   0.00686048
  0.13297323   0.00689528
  0.13287144   0.00693009
  0.13276964   0.00696490
  0.13266784   0.00699970
  0.13256604   0.00703451
  0.13246424   0.00706932
  0.13236244   0.00710412
  0.13226064   0.00713893
  0.13215884   0.00717374
  0.13205704   0.00720854
  0.13195524   0.00724335
  0.13185344   0.00727815
  0.13175164   0.00731296
  0.13164984   0.00734777
  0.13154804   0.00738257
  0.13144624   0.00741738
  0.13134444   0.00745219
  0.13124264   0.00748699
  0.13114084   0.00752180
  0.13103904   0.00755661
  0.13093724   0.00759141
  0.13083544   0.00762622
  0.13073364   0.00766103
  0.13063185   0.00769583
  0.13053005   0.00773064
  0.13042825   0.00776544
  0.13032645   0.00780025
  0.13022465   0.00783506
  0.13012285   0.00786986
  0.13002105   0.00790467
  0.12991925   0.00793948
  0.12981745   0.00797428
  0.12971565   0.00800909
  0.12961385   0.00804390
  0.12951205   0.00807870
  0.12941025   0.00811351
  0.12930845   0.00814831
  0.12920665   0.00818312
  0.12910485   0.00821793
  0.12900305   0.00825273
  0.12890125   0.00828754
  0.12879945   0.00832235
  0.12869765   0.00835715
  0.12859585   0.00839196
  0.12849405   0.00842677
  0.12839226   0.00846157
  0.12829046   0.00849638
  0.12818866   0.00853118
  0.12808686   0.00856599
  0.12798506   0.00860080
  0.12788326   0.00863560
  0.12778146   0.00867041
  0.12767966   0.00870522
  0.12757786   0.00874002
  0.12747606   0.00877483
  0.12737426   0.00880964
  0.12727246   0.00884444
  0.12717066   0.00887925
  0.12706886   0.00891405
  0.12696706   0.00894886
  0.12686526   0.00898367
  0.12676346   0.00901847
  0.12666166   0.00905328
  0.12655986   0.00908809
  0.12645806   0.00912289
  0.12635626   0.00915770
  0.12625446   0.00919251
  0.12615267   0.00922731
  0.12605087   0.00926212
  0.12594907   0.00929692
  0.12584727   0.00933173
  0.12574547   0.00936654
  0.12564367   0.00940134
  0.12554187   0.00943615
  0.12544007   0.00947096
  0.12533827   0.00950576
  0.12523647   0.00954057
  0.12513467   0.00957538
  0.12503287   0.00961018
  0.12493107   0.00964499
  0.12482927   0.00967979
  0.12472747   0.00971460
  0.12462567   0.00974941
  0.12452387   0.00978421
  0.12442207   0.00981902
  0.12432027   0.00985383
  0.12421847   0.00988863
  0.12411667   0.00992344
  0.12401487   0.00995825
  0.12391308   0.00999305
  0.12381128   0.01002786
  0.12370948   0.01006267
  0.12360768   0.01009747
  0.12350588   0.01013228
  0.12340408   0.01016708
  0.12330228   0.01020189
  0.12320048   0.01023670
  0.12309868   0.01027150
  0.12299688   0.01030631
  0.12289508   0.01034112
  0.12279328   0.01037592
  0.12269148   0.01041073
  0.12258968   0.01044554
  0.12248788   0.01048034
  0.12238608   0.01051515
  0.12228428   0.01054995
  0.12218248   0.01058476
  0.12208068   0.01061957
  0.12197888   0.01065437
  0.12187708   0.01068918
  0.12177528   0.01072399
  0.12167349   0.01075879
  0.12157169   0.01079360
  0.12146989   0.01082841
  0.12136809   0.01086321
  0.12126629   0.01089802
  0.12116449   0.01093282
  0.12106269   0.01096763
  0.12096089   0.01100244
  0.12085909   0.01103724
  0.12075729   0.01107205
  0.12065549   0.01110686
  0.12055369   0.01114166
  0.12045189   0.01117647
  0.12035009   0.01121128
  0.12024829   0.01124608
  0.12014649   0.01128089
  0.12004469   0.01131569
  0.11994289   0.01135050
  0.11984109   0.01138531
  0.11973929   0.01142011
  0.11963749   0.01145492
  0.11953569   0.01148973
  0.11943390   0.01152453
  0.11933210   0.01155934
  0.11923030   0.01159415
  0.11912850   0.01162895
  0.11902670   0.01166376
  0.11892490   0.01169856
  0.11882310   0.01173337
  0.11872130   0.01176818
  0.11861950   0.01180298
  0.11851770   0.01183779
  0.11841590   0.01187260
  0.11831410   0.01190740
  0.11821230   0.01194221
  0.11811050   0.01197702
  0.11800870   0.01201182
  0.11790690   0.01204663
  0.11780510   0.01208144
  0.11770330   0.01211624
  0.11760150   0.01215105
  0.11749970   0.01218585
  0.11739790   0.01222066
  0.11729610   0.01225547
  0.11719431   0.01229027
  0.11709251   0.01232508
  0.11699071   0.01235989
  0.11688891   0.01239469
  0.11678711   0.01242950
  0.11668531   0.01246431
  0.11658351   0.01249911
  0.11648171   0.01253392
  0.11637991   0.01256872
  0.11627811   0.01260353
  0.11617631   0.01263834
  0.11607451   0.01267314
  0.11597271   0.01270795
  0.11587091   0.01274276
  0.11576911   0.01277756
  0.11566731   0.01281237
  0.11556551   0.01284718
  0.11546371   0.01288198
  0.11536191   0.01291679
  0.11526011   0.01295159
  0.11515831   0.01298640
  0.11505651   0.01302121
  0.11495472   0.01305601
  0.11485292   0.01309082
  0.11475112   0.01312563
  0.11464932   0.01316043
  0.11454752   0.01319524
  0.11444572   0.01323005
  0.11434392   0.01326485
  0.11424212   0.01329966
  0.11414032   0.01333446
  0.11403852   0.01336927
  0.11393672   0.01340408
  0.11383492   0.01343888
  0.11373312   0.01347369
  0.11363132   0.01350850
  0.11352952   0.01354330
  0.11342772   0.01357811
  0.11332592   0.01361292
  0.11322412   0.01364772
  0.11312232   0.01368253
  0.11302052   0.01371733
  0.11291872   0.01375214
  0.11281692   0.01378695
  0.11271513   0.01382175
  0.11261333   0.01385656
  0.11251153   0.01389137
  0.11240973   0.01392617
  0.11230793   0.01396098
  0.11220613   0.01399579
  0.11210433   0.01403059
  0.11200253   0.01406540
  0.11190073   0.01410021
  0.11179893   0.01413501
  0.11169713   0.01416982
  0.11159533   0.01420462
  0.11149353   0.01423943
  0.11139173   0.01427424
  0.11128993   0.01430904
  0.11118813   0.01434385
  0.11108633   0.01437866
  0.11098453   0.01441346
  0.11088273   0.01444827
  0.11078093   0.01448308
  0.11067913   0.01451788
  0.11057733   0.01455269
  0.11047554   0.01458749
  0.11037374   0.01462230
  0.11027194   0.01465711
  0.11017014   0.01469191
  0.11006834   0.01472672
  0.10996654   0.01476153
  0.10986474   0.01479633
  0.10976294   0.01483114
  0.10966114   0.01486595
  0.10955934   0.01490075
  0.10945754   0.01493556
  0.10935574   0.01497036
  0.10925394   0.01500517
  0.10915214   0.01503998
  0.10905034   0.01507478
  0.10894854   0.01510959
  0.10884674   0.01514440
  0.10874494   0.01517920
  0.10864314   0.01521401
  0.10854134   0.01524882
  0.10843954   0.01528362
  0.10833774   0.01531843
  0.10823595   0.01535323
  0.10813415   0.01538804
  0.10803235   0.01542285
  0.10793055   0.01545765
  0.10782875   0.01549246
  0.10772695   0.01552727
  0.10762515   0.01556207
  0.10752335   0.01559688
  0.10742155   0.01563169
  0.10731975   0.01566649
  0.10721795   0.01570130
  0.10711615   0.01573610
  0.10701435   0.01577091
  0.10691255   0.01580572
  0.10681075   0.01584052
  0.10670895   0.01587533
  0.10660715   0.01591014
  0.10650535   0.01594494
  0.10640355   0.01597975
  0.10630175   0.01601456
  0.10619995   0.01604936
  0.10609815   0.01608417
  0.10599636   0.01611897
  0.10589456   0.01615378
  0.10579276   0.01618859
  0.10569096   0.01622339
  0.10558916   0.01625820
  0.10548736   0.01629301
  0.10538556   0.01632781
  0.10528376   0.01636262
  0.10518196   0.01639743
  0.10508016   0.01643223
  0.10497836   0.01646704
  0.10487656   0.01650185
  0.10477476   0.01653665
  0.10467296   0.01657146
  0.10457116   0.01660626
  0.10446936   0.01664107
  0.10436756   0.01667588
  0.10426576   0.01671068
  0.10416396   0.01674549
  0.10406216   0.01678030
  0.10396036   0.01681510
  0.10385856   0.01684991
  0.10375677   0.01688472
  0.10365497   0.01691952
  0.10355317   0.01695433
  0.10345137   0.01698913
  0.10334957   0.01702394
  0.10324777   0.01705875
  0.10314597   0.01709355
  0.10304417   0.01712836
  0.10294237   0.01716317
  0.10284057   0.01719797
  0.10273877   0.01723278
  0.10263697   0.01726759
  0.10253517   0.01730239
  0.10243337   0.01733720
  0.10233157   0.01737200
  0.10222977   0.01740681
  0.10212797   0.01744162
  0.10202617   0.01747642
  0.10192437   0.01751123
  0.10182257   0.01754604
  0.10172077   0.01758084
  0.10161897   0.01761565
  0.10151718   0.01765046
  0.10141538   0.01768526
  0.10131358   0.01772007
  0.10121178   0.01775487
  0.10110998   0.01778968
  0.10100818   0.01782449
  0.10090638   0.01785929
  0.10080458   0.01789410
  0.10070278   0.01792891
  0.10060098   0.01796371
  0.10049918   0.01799852
  0.10039738   0.01803333
  0.10029558   0.01806813
  0.10019378   0.01810294
  0.10009198   0.01813774
  0.09999018   0.01817255
  0.09988838   0.01820736
  0.09978658   0.01824216
  0.09968478   0.01827697
  0.09958298   0.01831178
  0.09948118   0.01834658
  0.09937938   0.01838139
  0.09927759   0.01841620
  0.09917579   0.01845100
  0.09907399   0.01848581
  0.09897219   0.01852062
  0.09887039   0.01855542
  0.09876859   0.01859023
  0.09866679   0.01862503
  0.09856499   0.01865984
  0.09846319   0.01869465
  0.09836139   0.01872945
  0.09825959   0.01876426
  0.09815779   0.01879907
  0.09805599   0.01883387
  0.09795419   0.01886868
  0.09785239   0.01890349
  0.09775059   0.01893829
  0.09764879   0.01897310
  0.09754699   0.01900790
  0.09744519   0.01904271
  0.09734339   0.01907752
  0.09724159   0.01911232
  0.09713979   0.01914713
  0.09703800   0.01918194
  0.09693620   0.01921674
  0.09683440   0.01925155
  0.09673260   0.01928636
  0.09663080   0.01932116
  0.09652900   0.01935597
  0.09642720   0.01939077
  0.09632540   0.01942558
  0.09622360   0.01946039
  0.09612180   0.01949519
  0.09602000   0.01953000
  0.09591967   0.01953000
  0.09581933   0.01958663
  0.09571900   0.01961788
  0.09561867   0.01964854
  0.09551833   0.01967860
  0.09541800   0.01970808
  0.09531767   0.01973697
  0.09521733   0.01976527
  0.09511700   0.01979300
  0.09501667   0.01982015
  0.09491633   0.01984672
  0.09481600   0.01987272
  0.09471567   0.01989814
  0.09461533   0.01992300
  0.09451500   0.01994729
  0.09441467   0.01997102
  0.09431433   0.01999419
  0.09421400   0.02001679
  0.09411367   0.02003884
  0.09401333   0.02006034
  0.09391300   0.02008127
  0.09381267   0.02010166
  0.09371233   0.02012150
  0.09361200   0.02014078
  0.09351167   0.02015952
  0.09341133   0.02017772
  0.09331100   0.02019537
  0.09321067   0.02021248
  0.09311033   0.02022904
  0.09301000   0.02024507
  0.09290967   0.02026056
  0.09280933   0.02027551
  0.09270900   0.02028993
  0.09260867   0.02030381
  0.09250833   0.02031716
  0.09240800   0.02032997
  0.09230767   0.02034226
  0.09220733   0.02035402
  0.09210700   0.02036524
  0.09200667   0.02037594
  0.09190633   0.02038611
  0.09180600   0.02039575
  0.09170567   0.02040487
  0.09160533   0.02041347
  0.09150500   0.02042153
  0.09140467   0.02042908
  0.09130433   0.02043610
  0.09120400   0.02044260
  0.09110367   0.02044858
  0.09100333   0.02045404
  0.09090300   0.02045897
  0.09080267   0.02046339
  0.09070233   0.02046728
  0.09060200   0.02047066
  0.09050167   0.02047351
  0.09040133   0.02047585
  0.09030100   0.02047766
  0.09020067   0.02047896
  0.09010033   0.02047974
  0.09000000   0.02048000
  0.08989967   0.02047974
  0.08979933   0.02047896
  0.08969900   0.02047766
  0.08959867   0.02047585
  0.08949833   0.02047351
  0.08939800   0.02047066
  0.08929767   0.02046728
  0.08919733   0.02046339
  0.08909700   0.02045897
  0.08899667   0.02045404
  0.08889633   0.02044858
  0.08879600   0.02044260
  0.08869567   0.02043610
  0.08859533   0.02042908
  0.08849500   0.02042153
  0.08839467   0.02041347
  0.08829433   0.02040487
  0.08819400   0.02039575
  0.08809367   0.02038611
  0.08799333   0.02037594
  0.08789300   0.02036524
  0.08779267   0.02035402
  0.08769233   0.02034226
  0.08759200   0.02032997
  0.08749167   0.02031716
  0.08739133   0.02030381
  0.08729100   0.02028993
  0.08719067   0.02027551
  0.08709033   0.02026056
  0.08699000   0.02024507
  0.08688967   0.02022904
  0.08678933   0.02021248
  0.08668900   0.02019537
  0.08658867   0.02017772
  0.08648833   0.02015952
  0.08638800   0.02014078
  0.08628767   0.02012150
  0.08618733   0.02010166
  0.08608700   0.02008127
  0.08598667   0.02006034
  0.08588633   0.02003884
  0.08578600   0.02001679
  0.08568567   0.01999419
  0.08558533   0.01997102
  0.08548500   0.01994729
  0.08538467   0.01992300
  0.08528433   0.01989814
  0.08518400   0.01987272
  0.08508367   0.01984672
  0.08498333   0.01982015
  0.08488300   0.01979300
  0.08478267   0.01976527
  0.08468233   0.01973697
  0.08458200   0.01970808
  0.08448167   0.01967860
  0.08438133   0.01964854
  0.08428100   0.01961788
  0.08418067   0.01958663
  0.08408033   0.01955478
  0.08398000   0.01953000
  0.08387843   0.01949527
  0.08377686   0.01946055
  0.08367530   0.01942582
  0.08357373   0.01939109
  0.08347216   0.01935636
  0.08337059   0.01932164
  0.08326902   0.01928691
  0.08316745   0.01925218
  0.08306589   0.01921745
  0.08296432   0.01918273
  0.08286275   0.01914800
  0.08276118   0.01911327
  0.08265961   0.01907855
  0.08255805   0.01904382
  0.08245648   0.01900909
  0.08235491   0.01897436
  0.08225334   0.01893964
  0.08215177   0.01890491
  0.08205020   0.01887018
  0.08194864   0.01883545
  0.08184707   0.01880073
  0.08174550   0.01876600
  0.08164393   0.01873127
  0.08154236   0.01869655
  0.08144080   0.01866182
  0.08133923   0.01862709
  0.08123766   0.01859236
  0.08113609   0.01855764
  0.08103452   0.01852291
  0.08093295   0.01848818
  0.08083139   0.01845345
  0.08072982   0.01841873
  0.08062825   0.01838400
  0.08052668   0.01834927
  0.08042511   0.01831455
  0.08032355   0.01827982
  0.08022198   0.01824509
  0.08012041   0.01821036
  0.08001884   0.01817564
  0.07991727   0.01814091
  0.07981570   0.01810618
  0.07971414   0.01807145
  0.07961257   0.01803673
  0.07951100   0.01800200
  0.07940943   0.01796727
  0.07930786   0.01793255
  0.07920630   0.01789782
  0.07910473   0.01786309
  0.07900316   0.01782836
  0.07890159   0.01779364
  0.07880002   0.01775891
  0.07869845   0.01772418
  0.07859689   0.01768945
  0.07849532   0.01765473
  0.07839375   0.01762000
  0.07829218   0.01758527
  0.07819061   0.01755055
  0.07808905   0.01751582
  0.07798748   0.01748109
  0.07788591   0.01744636
  0.07778434   0.01741164
  0.07768277   0.01737691
  0.07758120   0.01734218
  0.07747964   0.01730745
  0.07737807   0.01727273
  0.07727650   0.01723800
  0.07717493   0.01720327
  0.07707336   0.01716855
  0.07697180   0.01713382
  0.07687023   0.01709909
  0.07676866   0.01706436
  0.07666709   0.01702964
  0.07656552   0.01699491
  0.07646395   0.01696018
  0.07636239   0.01692545
  0.07626082   0.01689073
  0.07615925   0.01685600
  0.07605768   0.01682127
  0.07595611   0.01678655
  0.07585455   0.01675182
  0.07575298   0.01671709
  0.07565141   0.01668236
  0.07554984   0.01664764
  0.07544827   0.01661291
  0.07534670   0.01657818
  0.07524514   0.01654345
  0.07514357   0.01650873
  0.07504200   0.01647400
  0.07494043   0.01643927
  0.07483886   0.01640455
  0.07473730   0.01636982
  0.07463573   0.01633509
  0.07453416   0.01630036
  0.07443259   0.01626564
  0.07433102   0.01623091
  0.07422945   0.01619618
  0.07412789   0.01616145
  0.07402632   0.01612673
  0.07392475   0.01609200
  0.07382318   0.01605727
  0.07372161   0.01602255
  0.07362005   0.01598782
  0.07351848   0.01595309
  0.07341691   0.01591836
  0.07331534   0.01588364
  0.07321377   0.01584891
  0.07311220   0.01581418
  0.07301064   0.01577945
  0.07290907   0.01574473
  0.07280750   0.01571000
  0.07270593   0.01567527
  0.07260436   0.01564055
  0.07250280   0.01560582
  0.07240123   0.01557109
  0.07229966   0.01553636
  0.07219809   0.01550164
  0.07209652   0.01546691
  0.07199495   0.01543218
  0.07189339   0.01539745
  0.07179182   0.01536273
  0.07169025   0.01532800
  0.07158868   0.01529327
  0.07148711   0.01525855
  0.07138555   0.01522382
  0.07128398   0.01518909
  0.07118241   0.01515436
  0.07108084   0.01511964
  0.07097927   0.01508491
  0.07087770   0.01505018
  0.07077614   0.01501545
  0.07067457   0.01498073
  0.07057300   0.01494600
  0.07047143   0.01491127
  0.07036986   0.01487655
  0.07026830   0.01484182
  0.07016673   0.01480709
  0.07006516   0.01477236
  0.06996359   0.01473764
  0.06986202   0.01470291
  0.06976045   0.01466818
  0.06965889   0.01463345
  0.06955732   0.01459873
  0.06945575   0.01456400
  0.06935418   0.01452927
  0.06925261   0.01449455
  0.06915105   0.01445982
  0.06904948   0.01442509
  0.06894791   0.01439036
  0.06884634   0.01435564
  0.06874477   0.01432091
  0.06864320   0.01428618
  0.06854164   0.01425145
  0.06844007   0.01421673
  0.06833850   0.01418200
  0.06823693   0.01414727
  0.06813536   0.01411255
  0.06803380   0.01407782
  0.06793223   0.01404309
  0.06783066   0.01400836
  0.06772909   0.01397364
  0.06762752   0.01393891
  0.06752595   0.01390418
  0.06742439   0.01386945
  0.06732282   0.01383473
  0.06722125   0.01380000
  0.06711968   0.01376527
  0.06701811   0.01373055
  0.06691655   0.01369582
  0.06681498   0.01366109
  0.06671341   0.01362636
  0.06661184   0.01359164
  0.06651027   0.01355691
  0.06640870   0.01352218
  0.06630714   0.01348745
  0.06620557   0.01345273
  0.06610400   0.01341800
  0.06600243   0.01338327
  0.06590086   0.01334855
  0.06579930   0.01331382
  0.06569773   0.01327909
  0.06559616   0.01324436
  0.06549459   0.01320964
  0.06539302   0.01317491
  0.06529145   0.01314018
  0.06518989   0.01310545
  0.06508832   0.01307073
  0.06498675   0.01303600
  0.06488518   0.01300127
  0.06478361   0.01296655
  0.06468205   0.01293182
  0.06458048   0.01289709
  0.06447891   0.01286236
  0.06437734   0.01282764
  0.06427577   0.01279291
  0.06417420   0.01275818
  0.06407264   0.01272345
  0.06397107   0.01268873
  0.06386950   0.01265400
  0.06376793   0.01261927
  0.06366636   0.01258455
  0.06356480   0.01254982
  0.06346323   0.01251509
  0.06336166   0.01248036
  0.06326009   0.01244564
  0.06315852   0.01241091
  0.06305695   0.01237618
  0.06295539   0.01234145
  0.06285382   0.01230673
  0.06275225   0.01227200
  0.06265068   0.01223727
  0.06254911   0.01220255
  0.06244755   0.01216782
  0.06234598   0.01213309
  0.06224441   0.01209836
  0.06214284   0.01206364
  0.06204127   0.01202891
  0.06193970   0.01199418
  0.06183814   0.01195945
  0.06173657   0.01192473
  0.06163500   0.01189000
  0.06153343   0.01185527
  0.06143186   0.01182055
  0.06133030   0.01178582
  0.06122873   0.01175109
  0.06112716   0.01171636
  0.06102559   0.01168164
  0.06092402   0.01164691
  0.06082245   0.01161218
  0.06072089   0.01157745
  0.06061932   0.01154273
  0.06051775   0.01150800
  0.06041618   0.01147327
  0.06031461   0.01143855
  0.06021305   0.01140382
  0.06011148   0.01136909
  0.06000991   0.01133436
  0.05990834   0.01129964
  0.05980677   0.01126491
  0.05970520   0.01123018
  0.05960364   0.01119545
  0.05950207   0.01116073
  0.05940050   0.01112600
  0.05929893   0.01109127
  0.05919736   0.01105655
  0.05909580   0.01102182
  0.05899423   0.01098709
  0.05889266   0.01095236
  0.05879109   0.01091764
  0.05868952   0.01088291
  0.05858795   0.01084818
  0.05848639   0.01081345
  0.05838482   0.01077873
  0.05828325   0.01074400
  0.05818168   0.01070927
  0.05808011   0.01067455
  0.05797855   0.01063982
  0.05787698   0.01060509
  0.05777541   0.01057036
  0.05767384   0.01053564
  0.05757227   0.01050091
  0.05747070   0.01046618
  0.05736914   0.01043145
  0.05726757   0.01039673
  0.05716600   0.01036200
  0.05706443   0.01032727
  0.05696286   0.01029255
  0.05686130   0.01025782
  0.05675973   0.01022309
  0.05665816   0.01018836
  0.05655659   0.01015364
  0.05645502   0.01011891
  0.05635345   0.01008418
  0.05625189   0.01004945
  0.05615032   0.01001473
  0.05604875   0.00998000
  0.05594718   0.00994527
  0.05584561   0.00991055
  0.05574405   0.00987582
  0.05564248   0.00984109
  0.05554091   0.00980636
  0.05543934   0.00977164
  0.05533777   0.00973691
  0.05523620   0.00970218
  0.05513464   0.00966745
  0.05503307   0.00963273
  0.05493150   0.00959800
  0.05482993   0.00956327
  0.05472836   0.00952855
  0.05462680   0.00949382
  0.05452523   0.00945909
  0.05442366   0.00942436
  0.05432209   0.00938964
  0.05422052   0.00935491
  0.05411895   0.00932018
  0.05401739   0.00928545
  0.05391582   0.00925073
  0.05381425   0.00921600
  0.05371268   0.00918127
  0.05361111   0.00914655
  0.05350955   0.00911182
  0.05340798   0.00907709
  0.05330641   0.00904236
  0.05320484   0.00900764
  0.05310327   0.00897291
  0.05300170   0.00893818
  0.05290014   0.00890345
  0.05279857   0.00886873
  0.05269700   0.00883400
  0.05259543   0.00879927
  0.05249386   0.00876455
  0.05239230   0.00872982
  0.05229073   0.00869509
  0.05218916   0.00866036
  0.05208759   0.00862564
  0.05198602   0.00859091
  0.05188445   0.00855618
  0.05178289   0.00852145
  0.05168132   0.00848673
  0.05157975   0.00845200
  0.05147818   0.00841727
  0.05137661   0.00838255
  0.05127505   0.00834782
  0.05117348   0.00831309
  0.05107191   0.00827836
  0.05097034   0.00824364
  0.05086877   0.00820891
  0.05076720   0.00817418
  0.05066564   0.00813945
  0.05056407   0.00810473
  0.05046250   0.00807000
  0.05036093   0.00803527
  0.05025936   0.00800055
  0.05015780   0.00796582
  0.05005623   0.00793109
  0.04995466   0.00789636
  0.04985309   0.00786164
  0.04975152   0.00782691
  0.04964995   0.00779218
  0.04954839   0.00775745
  0.04944682   0.00772273
  0.04934525   0.00768800
  0.04924368   0.00765327
  0.04914211   0.00761855
  0.04904055   0.00758382
  0.04893898   0.00754909
  0.04883741   0.00751436
  0.04873584   0.00747964
  0.04863427   0.00744491
  0.04853270   0.00741018
  0.04843114   0.00737545
  0.04832957   0.00734073
  0.04822800   0.00730600
  0.04812643   0.00727127
  0.04802486   0.00723655
  0.04792330   0.00720182
  0.04782173   0.00716709
  0.04772016   0.00713236
  0.04761859   0.00709764
  0.04751702   0.00706291
  0.04741545   0.00702818
  0.04731389   0.00699345
  0.04721232   0.00695873
  0.04711075   0.00692400
  0.04700918   0.00688927
  0.04690761   0.00685455
  0.04680605   0.00681982
  0.04670448   0.00678509
  0.04660291   0.00675036
  0.04650134   0.00671564
  0.04639977   0.00668091
  0.04629820   0.00664618
  0.04619664   0.00661145
  0.04609507   0.00657673
  0.04599350   0.00654200
  0.04589193   0.00650727
  0.04579036   0.00647255
  0.04568880   0.00643782
  0.04558723   0.00640309
  0.04548566   0.00636836
  0.04538409   0.00633364
  0.04528252   0.00629891
  0.04518095   0.00626418
  0.04507939   0.00622945
  0.04497782   0.00619473
  0.04487625   0.00616000
  0.04477468   0.00612527
  0.04467311   0.00609055
  0.04457155   0.00605582
  0.04446998   0.00602109
  0.04436841   0.00598636
  0.04426684   0.00595164
  0.04416527   0.00591691
  0.04406370   0.00588218
  0.04396214   0.00584745
  0.04386057   0.00581273
  0.04375900   0.00577800
  0.04365743   0.00574327
  0.04355586   0.00570855
  0.04345430   0.00567382
  0.04335273   0.00563909
  0.04325116   0.00560436
  0.04314959   0.00556964
  0.04304802   0.00553491
  0.04294645   0.00550018
  0.04284489   0.00546545
  0.04274332   0.00543073
  0.04264175   0.00539600
  0.04254018   0.00536127
  0.04243861   0.00532655
  0.04233705   0.00529182
  0.04223548   0.00525709
  0.04213391   0.00522236
  0.04203234   0.00518764
  0.04193077   0.00515291
  0.04182920   0.00511818
  0.04172764   0.00508345
  0.04162607   0.00504873
  0.04152450   0.00501400
  0.04142293   0.00497927
  0.04132136   0.00494455
  0.04121980   0.00490982
  0.04111823   0.00487509
  0.04101666   0.00484036
  0.04091509   0.00480564
  0.04081352   0.00477091
  0.04071195   0.00473618
  0.04061039   0.00470145
  0.04050882   0.00466673
  0.04040725   0.00463200
  0.04030568   0.00459727
  0.04020411   0.00456255
  0.04010255   0.00452782
  0.04000098   0.00449309
  0.03989941   0.00445836
  0.03979784   0.00442364
  0.03969627   0.00438891
  0.03959470   0.00435418
  0.03949314   0.00431945
  0.03939157   0.00428473
  0.03929000   0.00425000
