 -1.00000000   0.00850000
  0.00003933   0.00850000
  0.00007866   0.00850000
  0.00011799   0.00850000
  0.00015732   0.00850000
  0.00019665   0.00850000
  0.00023598   0.00850000
  0.00027531   0.00850000
  0.00031463   0.00850000
  0.00035396   0.00850000
  0.00039329   0.00850000
  0.00043262   0.00850000
  0.00047195   0.00850000
  0.00051128   0.00850000
  0.00055061   0.00850000
  0.00058994   0.00850000
  0.00062927   0.00850000
  0.00066860   0.00850000
  0.00070793   0.00850000
  0.00074726   0.00850000
  0.00078659   0.00850000
  0.00082592   0.00850000
  0.00086525   0.00850000
  0.00090457   0.00850000
  0.00094390   0.00850000
  0.00098323   0.00850000
  0.00102256   0.00850000
  0.00106189   0.00850000
  0.00110122   0.00850000
  0.00114055   0.00850000
  0.00117988   0.00850000
  0.00121921   0.00850000
  0.00125854   0.00850000
  0.00129787   0.00850000
  0.00133720   0.00850000
  0.00137653   0.00850000
  0.00141586   0.00850000
  0.00145519   0.00850000
  0.00149451   0.00850000
  0.00153384   0.00850000
  0.00157317   0.00850000
  0.00161250   0.00850000
  0.00165183   0.00850000
  0.00169116   0.00850000
  0.00173049   0.00850000
  0.00176982   0.00850000
  0.00180915   0.00850000
  0.00184848   0.00850000
  0.00188781   0.00850000
  0.00192714   0.00850000
  0.00196647   0.00850000
  0.00200580   0.00850000
  0.00204513   0.00850000
  0.00208445   0.00850000
  0.00212378   0.00850000
  0.00216311   0.00850000
  0.00220244   0.00850000
  0.00224177   0.00850000
  0.00228110   0.00850000
  0.00232043   0.00850000
  0.00235976   0.00850000
  0.00239909   0.00850000
  0.00243842   0.00850000
  0.00247775   0.00850000
  0.00251708   0.00850000
  0.00255641   0.00850000
  0.00259574   0.00850000
  0.00263507   0.00850000
  0.00267439   0.00850000
  0.00271372   0.00850000
  0.00275305   0.00850000
  0.00279238   0.00850000
  0.00283171   0.00850000
  0.00287104   0.00850000
  0.00291037   0.00850000
  0.00294970   0.00850000
  0.00298903   0.00850000
  0.00302836   0.00850000
  0.00306769   0.00850000
  0.00310702   0.00850000
  0.00314635   0.00850000
  0.00318568   0.00850000
  0.00322501   0.00850000
  0.00326433   0.00850000
  0.00330366   0.00850000
  0.00334299   0.00850000
  0.00338232   0.00850000
  0.00342165   0.00850000
  0.00346098   0.00850000
  0.00350031   0.00850000
  0.00353964   0.00850000
  0.00357897   0.00850000
  0.00361830   0.00850000
  0.00365763   0.00850000
  0.00369696   0.00850000
  0.00373629   0.00850000
  0.00377562   0.00850000
  0.00381494   0.00850000
  0.00385427   0.00850000
  0.00389360   0.00850000
  0.00393293   0.00850000
  0.00397226   0.00850000
  0.00401159   0.00850000
  0.00405092   0.00850000
  0.00409025   0.00850000
  0.00412958   0.00850000
  0.00416891   0.00850000
  0.00420824   0.00850000
  0.00424757   0.00850000
  0.00428690   0.00850000
  0.00432623   0.00850000
  0.00436556   0.00850000
  0.00440488   0.00850000
  0.00444421   0.00850000
  0.00448354   0.00850000
  0.00452287   0.00850000
  0.00456220   0.00850000
  0.00460153   0.00850000
  0.00464086   0.00850000
  0.00468019   0.00850000
  0.00471952   0.00850000
  0.00475885   0.00850000
  0.00479818   0.00850000
  0.00483751   0.00850000
  0.00487684   0.00850000
  0.00491617   0.00850000
  0.00495550   0.00850000
  0.00499482   0.00850000
  0.00503415   0.00850000
  0.00507348   0.00850000
  0.00511281   0.00850000
  0.00515214   0.00850000
  0.00519147   0.00850000
  0.00523080   0.00850000
  0.00527013   0.00850000
  0.00530946   0.00850000
  0.00534879   0.00850000
  0.00538812   0.00850000
  0.00542745   0.00850000
  0.00546678   0.00850000
  0.00550611   0.00850000
  0.00554544   0.00850000
  0.00558476   0.00850000
  0.00562409   0.00850000
  0.00566342   0.00850000
  0.00570275   0.00850000
  0.00574208   0.00850000
  0.00578141   0.00850000
  0.00582074   0.00850000
  0.00586007   0.00850000
  0.00589940   0.00850000
  0.00593873   0.00850000
  0.00597806   0.00850000
  0.00601739   0.00850000
  0.00605672   0.00850000
  0.00609605   0.00850000
  0.00613538   0.00850000
  0.00617470   0.00850000
  0.00621403   0.00850000
  0.00625336   0.00850000
  0.00629269   0.00850000
  0.00633202   0.00850000
  0.00637135   0.00850000
  0.00641068   0.00850000
  0.00645001   0.00850000
  0.00648934   0.00850000
  0.00652867   0.00850000
  0.00656800   0.00850000
  0.00660733   0.00850000
  0.00664666   0.00850000
  0.00668599   0.00850000
  0.00672532   0.00850000
  0.00676464   0.00850000
  0.00680397   0.00850000
  0.00684330   0.00850000
  0.00688263   0.00850000
  0.00692196   0.00850000
  0.00696129   0.00850000
  0.00700062   0.00850000
  0.00703995   0.00850000
  0.00707928   0.00850000
  0.00711861   0.00850000
  0.00715794   0.00850000
  0.00719727   0.00850000
  0.00723660   0.00850000
  0.00727593   0.00850000
  0.00731526   0.00850000
  0.00735458   0.00850000
  0.00739391   0.00850000
  0.00743324   0.00850000
  0.00747257   0.00850000
  0.00751190   0.00850000
  0.00755123   0.00850000
  0.00759056   0.00850000
  0.00762989   0.00850000
  0.00766922   0.00850000
  0.00770855   0.00850000
  0.00774788   0.00850000
  0.00778721   0.00850000
  0.00782654   0.00850000
  0.00786587   0.00850000
  0.00790520   0.00850000
  0.00794452   0.00850000
  0.00798385   0.00850000
  0.00802318   0.00850000
  0.00806251   0.00850000
  0.00810184   0.00850000
  0.00814117   0.00850000
  0.00818050   0.00850000
  0.00821983   0.00850000
  0.00825916   0.00850000
  0.00829849   0.00850000
  0.00833782   0.00850000
  0.00837715   0.00850000
  0.00841648   0.00850000
  0.00845581   0.00850000
  0.00849514   0.00850000
  0.00853446   0.00850000
  0.00857379   0.00850000
  0.00861312   0.00850000
  0.00865245   0.00850000
  0.00869178   0.00850000
  0.00873111   0.00850000
  0.00877044   0.00850000
  0.00880977   0.00850000
  0.00884910   0.00850000
  0.00888843   0.00850000
  0.00892776   0.00850000
  0.00896709   0.00850000
  0.00900642   0.00850000
  0.00904575   0.00850000
  0.00908508   0.00850000
  0.00912440   0.00850000
  0.00916373   0.00850000
  0.00920306   0.00850000
  0.00924239   0.00850000
  0.00928172   0.00850000
  0.00932105   0.00850000
  0.00936038   0.00850000
  0.00939971   0.00850000
  0.00943904   0.00850000
  0.00947837   0.00850000
  0.00951770   0.00850000
  0.00955703   0.00850000
  0.00959636   0.00850000
  0.00963569   0.00850000
  0.00967502   0.00850000
  0.00971434   0.00850000
  0.00975367   0.00850000
  0.00979300   0.00850000
  0.00983233   0.00850000
  0.00987166   0.00850000
  0.00991099   0.00850000
  0.00995032   0.00850000
  0.00998965   0.00850000
  0.01002898   0.00850000
  0.01006831   0.00850000
  0.01010764   0.00850000
  0.01014697   0.00850000
  0.01018630   0.00850000
  0.01022563   0.00850000
  0.01026495   0.00850000
  0.01030428   0.00850000
  0.01034361   0.00850000
  0.01038294   0.00850000
  0.01042227   0.00850000
  0.01046160   0.00850000
  0.01050093   0.00850000
  0.01054026   0.00850000
  0.01057959   0.00850000
  0.01061892   0.00850000
  0.01065825   0.00850000
  0.01069758   0.00850000
  0.01073691   0.00850000
  0.01077624   0.00850000
  0.01081557   0.00850000
  0.01085489   0.00850000
  0.01089422   0.00850000
  0.01093355   0.00850000
  0.01097288   0.00850000
  0.01101221   0.00850000
  0.01105154   0.00850000
  0.01109087   0.00850000
  0.01113020   0.00850000
  0.01116953   0.00850000
  0.01120886   0.00850000
  0.01124819   0.00850000
  0.01128752   0.00850000
  0.01132685   0.00850000
  0.01136618   0.00850000
  0.01140551   0.00850000
  0.01144483   0.00850000
  0.01148416   0.00850000
  0.01152349   0.00850000
  0.01156282   0.00850000
  0.01160215   0.00850000
  0.01164148   0.00850000
  0.01168081   0.00850000
  0.01172014   0.00850000
  0.01175947   0.00850000
  0.01179880   0.00850000
  0.01183813   0.00850000
  0.01187746   0.00850000
  0.01191679   0.00850000
  0.01195612   0.00850000
  0.01199545   0.00850000
  0.01203477   0.00850000
  0.01207410   0.00850000
  0.01211343   0.00850000
  0.01215276   0.00850000
  0.01219209   0.00850000
  0.01223142   0.00850000
  0.01227075   0.00850000
  0.01231008   0.00850000
  0.01234941   0.00850000
  0.01238874   0.00850000
  0.01242807   0.00850000
  0.01246740   0.00850000
  0.01250673   0.00850000
  0.01254606   0.00850000
  0.01258539   0.00850000
  0.01262471   0.00850000
  0.01266404   0.00850000
  0.01270337   0.00850000
  0.01274270   0.00850000
  0.01278203   0.00850000
  0.01282136   0.00850000
  0.01286069   0.00850000
  0.01290002   0.00850000
  0.01293935   0.00850000
  0.01297868   0.00850000
  0.01301801   0.00850000
  0.01305734   0.00850000
  0.01309667   0.00850000
  0.01313600   0.00850000
  0.01317533   0.00850000
  0.01321465   0.00850000
  0.01325398   0.00850000
  0.01329331   0.00850000
  0.01333264   0.00850000
  0.01337197   0.00850000
  0.01341130   0.00850000
  0.01345063   0.00850000
  0.01348996   0.00850000
  0.01352929   0.00850000
  0.01356862   0.00850000
  0.01360795   0.00850000
  0.01364728   0.00850000
  0.01368661   0.00850000
  0.01372594   0.00850000
  0.01376527   0.00850000
  0.01380459   0.00850000
  0.01384392   0.00850000
  0.01388325   0.00850000
  0.01392258   0.00850000
  0.01396191   0.00850000
  0.01400124   0.00850000
  0.01404057   0.00850000
  0.01407990   0.00850000
  0.01411923   0.00850000
  0.01415856   0.00850000
  0.01419789   0.00850000
  0.01423722   0.00850000
  0.01427655   0.00850000
  0.01431588   0.00850000
  0.01435521   0.00850000
  0.01439453   0.00850000
  0.01443386   0.00850000
  0.01447319   0.00850000
  0.01451252   0.00850000
  0.01455185   0.00850000
  0.01459118   0.00850000
  0.01463051   0.00850000
  0.01466984   0.00850000
  0.01470917   0.00850000
  0.01474850   0.00850000
  0.01478783   0.00850000
  0.01482716   0.00850000
  0.01486649   0.00850000
  0.01490582   0.00850000
  0.01494515   0.00850000
  0.01498447   0.00850000
  0.01502380   0.00850000
  0.01506313   0.00850000
  0.01510246   0.00850000
  0.01514179   0.00850000
  0.01518112   0.00850000
  0.01522045   0.00850000
  0.01525978   0.00850000
  0.01529911   0.00850000
  0.01533844   0.00850000
  0.01537777   0.00850000
  0.01541710   0.00850000
  0.01545643   0.00850000
  0.01549576   0.00850000
  0.01553509   0.00850000
  0.01557441   0.00850000
  0.01561374   0.00850000
  0.01565307   0.00850000
  0.01569240   0.00850000
  0.01573173   0.00850000
  0.01577106   0.00850000
  0.01581039   0.00850000
  0.01584972   0.00850000
  0.01588905   0.00850000
  0.01592838   0.00850000
  0.01596771   0.00850000
  0.01600704   0.00850000
  0.01604637   0.00850000
  0.01608570   0.00850000
  0.01612503   0.00850000
  0.01616435   0.00850000
  0.01620368   0.00850000
  0.01624301   0.00850000
  0.01628234   0.00850000
  0.01632167   0.00850000
  0.01636100   0.00850000
  0.01640033   0.00850000
  0.01643966   0.00850000
  0.01647899   0.00850000
  0.01651832   0.00850000
  0.01655765   0.00850000
  0.01659698   0.00850000
  0.01663631   0.00850000
  0.01667564   0.00850000
  0.01671496   0.00850000
  0.01675429   0.00850000
  0.01679362   0.00850000
  0.01683295   0.00850000
  0.01687228   0.00850000
  0.01691161   0.00850000
  0.01695094   0.00850000
  0.01699027   0.00850000
  0.01702960   0.00850000
  0.01706893   0.00850000
  0.01710826   0.00850000
  0.01714759   0.00850000
  0.01718692   0.00850000
  0.01722625   0.00850000
  0.01726558   0.00850000
  0.01730490   0.00850000
  0.01734423   0.00850000
  0.01738356   0.00850000
  0.01742289   0.00850000
  0.01746222   0.00850000
  0.01750155   0.00850000
  0.01754088   0.00850000
  0.01758021   0.00850000
  0.01761954   0.00850000
  0.01765887   0.00850000
  0.01769820   0.00850000
  0.01773753   0.00850000
  0.01777686   0.00850000
  0.01781619   0.00850000
  0.01785552   0.00850000
  0.01789484   0.00850000
  0.01793417   0.00850000
  0.01797350   0.00850000
  0.01801283   0.00850000
  0.01805216   0.00850000
  0.01809149   0.00850000
  0.01813082   0.00850000
  0.01817015   0.00850000
  0.01820948   0.00850000
  0.01824881   0.00850000
  0.01828814   0.00850000
  0.01832747   0.00850000
  0.01836680   0.00850000
  0.01840613   0.00850000
  0.01844546   0.00850000
  0.01848478   0.00850000
  0.01852411   0.00850000
  0.01856344   0.00850000
  0.01860277   0.00850000
  0.01864210   0.00850000
  0.01868143   0.00850000
  0.01872076   0.00850000
  0.01876009   0.00850000
  0.01879942   0.00850000
  0.01883875   0.00850000
  0.01887808   0.00850000
  0.01891741   0.00850000
  0.01895674   0.00850000
  0.01899607   0.00850000
  0.01903540   0.00850000
  0.01907472   0.00850000
  0.01911405   0.00850000
  0.01915338   0.00850000
  0.01919271   0.00850000
  0.01923204   0.00850000
  0.01927137   0.00850000
  0.01931070   0.00850000
  0.01935003   0.00850000
  0.01938936   0.00850000
  0.01942869   0.00850000
  0.01946802   0.00850000
  0.01950735   0.00850000
  0.01954668   0.00850000
  0.01958601   0.00850000
  0.01962534   0.00850000
  0.01966466   0.00850000
  0.01970399   0.00850000
  0.01974332   0.00850000
  0.01978265   0.00850000
  0.01982198   0.00850000
  0.01986131   0.00850000
  0.01990064   0.00850000
  0.01993997   0.00850000
  0.01997930   0.00850000
  0.02001863   0.00850000
  0.02005796   0.00850000
  0.02009729   0.00850000
  0.02013662   0.00850000
  0.02017595   0.00850000
  0.02021528   0.00850000
  0.02025460   0.00850000
  0.02029393   0.00850000
  0.02033326   0.00850000
  0.02037259   0.00850000
  0.02041192   0.00850000
  0.02045125   0.00850000
  0.02049058   0.00850000
  0.02052991   0.00850000
  0.02056924   0.00850000
  0.02060857   0.00850000
  0.02064790   0.00850000
  0.02068723   0.00850000
  0.02072656   0.00850000
  0.02076589   0.00850000
  0.02080522   0.00850000
  0.02084454   0.00850000
  0.02088387   0.00850000
  0.02092320   0.00850000
  0.02096253   0.00850000
  0.02100186   0.00850000
  0.02104119   0.00850000
  0.02108052   0.00850000
  0.02111985   0.00850000
  0.02115918   0.00850000
  0.02119851   0.00850000
  0.02123784   0.00850000
  0.02127717   0.00850000
  0.02131650   0.00850000
  0.02135583   0.00850000
  0.02139516   0.00850000
  0.02143448   0.00850000
  0.02147381   0.00850000
  0.02151314   0.00850000
  0.02155247   0.00850000
  0.02159180   0.00850000
  0.02163113   0.00850000
  0.02167046   0.00850000
  0.02170979   0.00850000
  0.02174912   0.00850000
  0.02178845   0.00850000
  0.02182778   0.00850000
  0.02186711   0.00850000
  0.02190644   0.00850000
  0.02194577   0.00850000
  0.02198510   0.00850000
  0.02202442   0.00850000
  0.02206375   0.00850000
  0.02210308   0.00850000
  0.02214241   0.00850000
  0.02218174   0.00850000
  0.02222107   0.00850000
  0.02226040   0.00850000
  0.02229973   0.00850000
  0.02233906   0.00850000
  0.02237839   0.00850000
  0.02241772   0.00850000
  0.02245705   0.00850000
  0.02249638   0.00850000
  0.02253571   0.00850000
  0.02257504   0.00850000
  0.02261436   0.00850000
  0.02265369   0.00850000
  0.02269302   0.00850000
  0.02273235   0.00850000
  0.02277168   0.00850000
  0.02281101   0.00850000
  0.02285034   0.00850000
  0.02288967   0.00850000
  0.02292900   0.00850000
  0.02296833   0.00850000
  0.02300766   0.00850000
  0.02304699   0.00850000
  0.02308632   0.00850000
  0.02312565   0.00850000
  0.02316497   0.00850000
  0.02320430   0.00850000
  0.02324363   0.00850000
  0.02328296   0.00850000
  0.02332229   0.00850000
  0.02336162   0.00850000
  0.02340095   0.00850000
  0.02344028   0.00850000
  0.02347961   0.00850000
  0.02351894   0.00850000
  0.02355827   0.00850000
  0.02359760   0.00850000
  0.02363693   0.00850000
  0.02367626   0.00850000
  0.02371559   0.00850000
  0.02375491   0.00850000
  0.02379424   0.00850000
  0.02383357   0.00850000
  0.02387290   0.00850000
  0.02391223   0.00850000
  0.02395156   0.00850000
  0.02399089   0.00850000
  0.02403022   0.00850000
  0.02406955   0.00850000
  0.02410888   0.00850000
  0.02414821   0.00850000
  0.02418754   0.00850000
  0.02422687   0.00850000
  0.02426620   0.00850000
  0.02430553   0.00850000
  0.02434485   0.00850000
  0.02438418   0.00850000
  0.02442351   0.00850000
  0.02446284   0.00850000
  0.02450217   0.00850000
  0.02454150   0.00850000
  0.02458083   0.00850000
  0.02462016   0.00850000
  0.02465949   0.00850000
  0.02469882   0.00850000
  0.02473815   0.00850000
  0.02477748   0.00850000
  0.02481681   0.00850000
  0.02485614   0.00850000
  0.02489547   0.00850000
  0.02493479   0.00850000
  0.02497412   0.00850000
  0.02501345   0.00850000
  0.02505278   0.00850000
  0.02509211   0.00850000
  0.02513144   0.00850000
  0.02517077   0.00850000
  0.02521010   0.00850000
  0.02524943   0.00850000
  0.02528876   0.00850000
  0.02532809   0.00850000
  0.02536742   0.00850000
  0.02540675   0.00850000
  0.02544608   0.00850000
  0.02548541   0.00850000
  0.02552473   0.00850000
  0.02556406   0.00850000
  0.02560339   0.00850000
  0.02564272   0.00850000
  0.02568205   0.00850000
  0.02572138   0.00850000
  0.02576071   0.00850000
  0.02580004   0.00850000
  0.02583937   0.00850000
  0.02587870   0.00850000
  0.02591803   0.00850000
  0.02595736   0.00850000
  0.02599669   0.00850000
  0.02603602   0.00850000
  0.02607535   0.00850000
  0.02611467   0.00850000
  0.02615400   0.00850000
  0.02619333   0.00850000
  0.02623266   0.00850000
  0.02627199   0.00850000
  0.02631132   0.00850000
  0.02635065   0.00850000
  0.02638998   0.00850000
  0.02642931   0.00850000
  0.02646864   0.00850000
  0.02650797   0.00850000
  0.02654730   0.00850000
  0.02658663   0.00850000
  0.02662596   0.00850000
  0.02666529   0.00850000
  0.02670461   0.00850000
  0.02674394   0.00850000
  0.02678327   0.00850000
  0.02682260   0.00850000
  0.02686193   0.00850000
  0.02690126   0.00850000
  0.02694059   0.00850000
  0.02697992   0.00850000
  0.02701925   0.00850000
  0.02705858   0.00850000
  0.02709791   0.00850000
  0.02713724   0.00850000
  0.02717657   0.00850000
  0.02721590   0.00850000
  0.02725523   0.00850000
  0.02729455   0.00850000
  0.02733388   0.00850000
  0.02737321   0.00850000
  0.02741254   0.00850000
  0.02745187   0.00850000
  0.02749120   0.00850000
  0.02753053   0.00850000
  0.02756986   0.00850000
  0.02760919   0.00850000
  0.02764852   0.00850000
  0.02768785   0.00850000
  0.02772718   0.00850000
  0.02776651   0.00850000
  0.02780584   0.00850000
  0.02784517   0.00850000
  0.02788449   0.00850000
  0.02792382   0.00850000
  0.02796315   0.00850000
  0.02800248   0.00850000
  0.02804181   0.00850000
  0.02808114   0.00850000
  0.02812047   0.00850000
  0.02815980   0.00850000
  0.02819913   0.00850000
  0.02823846   0.00850000
  0.02827779   0.00850000
  0.02831712   0.00850000
  0.02835645   0.00850000
  0.02839578   0.00850000
  0.02843511   0.00850000
  0.02847443   0.00850000
  0.02851376   0.00850000
  0.02855309   0.00850000
  0.02859242   0.00850000
  0.02863175   0.00850000
  0.02867108   0.00850000
  0.02871041   0.00850000
  0.02874974   0.00850000
  0.02878907   0.00850000
  0.02882840   0.00850000
  0.02886773   0.00850000
  0.02890706   0.00850000
  0.02894639   0.00850000
  0.02898572   0.00850000
  0.02902505   0.00850000
  0.02906437   0.00850000
  0.02910370   0.00850000
  0.02914303   0.00850000
  0.02918236   0.00850000
  0.02922169   0.00850000
  0.02926102   0.00850000
  0.02930035   0.00850000
  0.02933968   0.00850000
  0.02937901   0.00850000
  0.02941834   0.00850000
  0.02945767   0.00850000
  0.02949700   0.00850000
  0.02953633   0.00850000
  0.02957566   0.00850000
  0.02961498   0.00850000
  0.02965431   0.00850000
  0.02969364   0.00850000
  0.02973297   0.00850000
  0.02977230   0.00850000
  0.02981163   0.00850000
  0.02985096   0.00850000
  0.02989029   0.00850000
  0.02992962   0.00850000
  0.02996895   0.00850000
  0.03000828   0.00850000
  0.03004761   0.00850000
  0.03008694   0.00850000
  0.03012627   0.00850000
  0.03016560   0.00850000
  0.03020492   0.00850000
  0.03024425   0.00850000
  0.03028358   0.00850000
  0.03032291   0.00850000
  0.03036224   0.00850000
  0.03040157   0.00850000
  0.03044090   0.00850000
  0.03048023   0.00850000
  0.03051956   0.00850000
  0.03055889   0.00850000
  0.03059822   0.00850000
  0.03063755   0.00850000
  0.03067688   0.00850000
  0.03071621   0.00850000
  0.03075554   0.00850000
  0.03079486   0.00850000
  0.03083419   0.00850000
  0.03087352   0.00850000
  0.03091285   0.00850000
  0.03095218   0.00850000
  0.03099151   0.00850000
  0.03103084   0.00850000
  0.03107017   0.00850000
  0.03110950   0.00850000
  0.03114883   0.00850000
  0.03118816   0.00850000
  0.03122749   0.00850000
  0.03126682   0.00850000
  0.03130615   0.00850000
  0.03134548   0.00850000
  0.03138480   0.00850000
  0.03142413   0.00850000
  0.03146346   0.00850000
  0.03150279   0.00850000
  0.03154212   0.00850000
  0.03158145   0.00850000
  0.03162078   0.00850000
  0.03166011   0.00850000
  0.03169944   0.00850000
  0.03173877   0.00850000
  0.03177810   0.00850000
  0.03181743   0.00850000
  0.03185676   0.00850000
  0.03189609   0.00850000
  0.03193542   0.00850000
  0.03197474   0.00850000
  0.03201407   0.00850000
  0.03205340   0.00850000
  0.03209273   0.00850000
  0.03213206   0.00850000
  0.03217139   0.00850000
  0.03221072   0.00850000
  0.03225005   0.00850000
  0.03228938   0.00850000
  0.03232871   0.00850000
  0.03236804   0.00850000
  0.03240737   0.00850000
  0.03244670   0.00850000
  0.03248603   0.00850000
  0.03252536   0.00850000
  0.03256468   0.00850000
  0.03260401   0.00850000
  0.03264334   0.00850000
  0.03268267   0.00850000
  0.03272200   0.00850000
  0.03276133   0.00850000
  0.03280066   0.00850000
  0.03283999   0.00850000
  0.03287932   0.00850000
  0.03291865   0.00850000
  0.03295798   0.00850000
  0.03299731   0.00850000
  0.03303664   0.00850000
  0.03307597   0.00850000
  0.03311530   0.00850000
  0.03315462   0.00850000
  0.03319395   0.00850000
  0.03323328   0.00850000
  0.03327261   0.00850000
  0.03331194   0.00850000
  0.03335127   0.00850000
  0.03339060   0.00850000
  0.03342993   0.00850000
  0.03346926   0.00850000
  0.03350859   0.00850000
  0.03354792   0.00850000
  0.03358725   0.00850000
  0.03362658   0.00850000
  0.03366591   0.00850000
  0.03370524   0.00850000
  0.03374456   0.00850000
  0.03378389   0.00850000
  0.03382322   0.00850000
  0.03386255   0.00850000
  0.03390188   0.00850000
  0.03394121   0.00850000
  0.03398054   0.00850000
  0.03401987   0.00850000
  0.03405920   0.00850000
  0.03409853   0.00850000
  0.03413786   0.00850000
  0.03417719   0.00850000
  0.03421652   0.00850000
  0.03425585   0.00850000
  0.03429518   0.00850000
  0.03433450   0.00850000
  0.03437383   0.00850000
  0.03441316   0.00850000
  0.03445249   0.00850000
  0.03449182   0.00850000
  0.03453115   0.00850000
  0.03457048   0.00850000
  0.03460981   0.00850000
  0.03464914   0.00850000
  0.03468847   0.00850000
  0.03472780   0.00850000
  0.03476713   0.00850000
  0.03480646   0.00850000
  0.03484579   0.00850000
  0.03488512   0.00850000
  0.03492444   0.00850000
  0.03496377   0.00850000
  0.03500310   0.00850000
  0.03504243   0.00850000
  0.03508176   0.00850000
  0.03512109   0.00850000
  0.03516042   0.00850000
  0.03519975   0.00850000
  0.03523908   0.00850000
  0.03527841   0.00850000
  0.03531774   0.00850000
  0.03535707   0.00850000
  0.03539640   0.00850000
  0.03543573   0.00850000
  0.03547506   0.00850000
  0.03551438   0.00850000
  0.03555371   0.00850000
  0.03559304   0.00850000
  0.03563237   0.00850000
  0.03567170   0.00850000
  0.03571103   0.00850000
  0.03575036   0.00850000
  0.03578969   0.00850000
  0.03582902   0.00850000
  0.03586835   0.00850000
  0.03590768   0.00850000
  0.03594701   0.00850000
  0.03598634   0.00850000
  0.03602567   0.00850000
  0.03606499   0.00850000
  0.03610432   0.00850000
  0.03614365   0.00850000
  0.03618298   0.00850000
  0.03622231   0.00850000
  0.03626164   0.00850000
  0.03630097   0.00850000
  0.03634030   0.00850000
  0.03637963   0.00850000
  0.03641896   0.00850000
  0.03645829   0.00850000
  0.03649762   0.00850000
  0.03653695   0.00850000
  0.03657628   0.00850000
  0.03661561   0.00850000
  0.03665493   0.00850000
  0.03669426   0.00850000
  0.03673359   0.00850000
  0.03677292   0.00850000
  0.03681225   0.00850000
  0.03685158   0.00850000
  0.03689091   0.00850000
  0.03693024   0.00850000
  0.03696957   0.00850000
  0.03700890   0.00850000
  0.03704823   0.00850000
  0.03708756   0.00850000
  0.03712689   0.00850000
  0.03716622   0.00850000
  0.03720555   0.00850000
  0.03724487   0.00850000
  0.03728420   0.00850000
  0.03732353   0.00850000
  0.03736286   0.00850000
  0.03740219   0.00850000
  0.03744152   0.00850000
  0.03748085   0.00850000
  0.03752018   0.00850000
  0.03755951   0.00850000
  0.03759884   0.00850000
  0.03763817   0.00850000
  0.03767750   0.00850000
  0.03771683   0.00850000
  0.03775616   0.00850000
  0.03779549   0.00850000
  0.03783481   0.00850000
  0.03787414   0.00850000
  0.03791347   0.00850000
  0.03795280   0.00850000
  0.03799213   0.00850000
  0.03803146   0.00850000
  0.03807079   0.00850000
  0.03811012   0.00850000
  0.03814945   0.00850000
  0.03818878   0.00850000
  0.03822811   0.00850000
  0.03826744   0.00850000
  0.03830677   0.00850000
  0.03834610   0.00850000
  0.03838543   0.00850000
  0.03842475   0.00850000
  0.03846408   0.00850000
  0.03850341   0.00850000
  0.03854274   0.00850000
  0.03858207   0.00850000
  0.03862140   0.00850000
  0.03866073   0.00850000
  0.03870006   0.00850000
  0.03873939   0.00850000
  0.03877872   0.00850000
  0.03881805   0.00850000
  0.03885738   0.00850000
  0.03889671   0.00850000
  0.03893604   0.00850000
  0.03897537   0.00850000
  0.03901469   0.00850000
  0.03905402   0.00850000
  0.03909335   0.00850000
  0.03913268   0.00850000
  0.03917201   0.00850000
  0.03921134   0.00850000
  0.03925067   0.00850000
  0.03929000   0.00850000
  0.03929000   0.00850000
  0.03939172   0.00853476
  0.03949344   0.00856953
  0.03959517   0.00860429
  0.03969689   0.00863906
  0.03979861   0.00867382
  0.03990033   0.00870858
  0.04000205   0.00874335
  0.04010377   0.00877811
  0.04020550   0.00881288
  0.04030722   0.00884764
  0.04040894   0.00888241
  0.04051066   0.00891717
  0.04061238   0.00895193
  0.04071410   0.00898670
  0.04081583   0.00902146
  0.04091755   0.00905623
  0.04101927   0.00909099
  0.04112099   0.00912575
  0.04122271   0.00916052
  0.04132443   0.00919528
  0.04142616   0.00923005
  0.04152788   0.00926481
  0.04162960   0.00929958
  0.04173132   0.00933434
  0.04183304   0.00936910
  0.04193476   0.00940387
  0.04203649   0.00943863
  0.04213821   0.00947340
  0.04223993   0.00950816
  0.04234165   0.00954292
  0.04244337   0.00957769
  0.04254509   0.00961245
  0.04264682   0.00964722
  0.04274854   0.00968198
  0.04285026   0.00971675
  0.04295198   0.00975151
  0.04305370   0.00978627
  0.04315542   0.00982104
  0.04325715   0.00985580
  0.04335887   0.00989057
  0.04346059   0.00992533
  0.04356231   0.00996009
  0.04366403   0.00999486
  0.04376575   0.01002962
  0.04386748   0.01006439
  0.04396920   0.01009915
  0.04407092   0.01013392
  0.04417264   0.01016868
  0.04427436   0.01020344
  0.04437608   0.01023821
  0.04447781   0.01027297
  0.04457953   0.01030774
  0.04468125   0.01034250
  0.04478297   0.01037726
  0.04488469   0.01041203
  0.04498642   0.01044679
  0.04508814   0.01048156
  0.04518986   0.01051632
  0.04529158   0.01055108
  0.04539330   0.01058585
  0.04549502   0.01062061
  0.04559675   0.01065538
  0.04569847   0.01069014
  0.04580019   0.01072491
  0.04590191   0.01075967
  0.04600363   0.01079443
  0.04610535   0.01082920
  0.04620708   0.01086396
  0.04630880   0.01089873
  0.04641052   0.01093349
  0.04651224   0.01096825
  0.04661396   0.01100302
  0.04671568   0.01103778
  0.04681741   0.01107255
  0.04691913   0.01110731
  0.04702085   0.01114208
  0.04712257   0.01117684
  0.04722429   0.01121160
  0.04732601   0.01124637
  0.04742774   0.01128113
  0.04752946   0.01131590
  0.04763118   0.01135066
  0.04773290   0.01138542
  0.04783462   0.01142019
  0.04793634   0.01145495
  0.04803807   0.01148972
  0.04813979   0.01152448
  0.04824151   0.01155925
  0.04834323   0.01159401
  0.04844495   0.01162877
  0.04854667   0.01166354
  0.04864840   0.01169830
  0.04875012   0.01173307
  0.04885184   0.01176783
  0.04895356   0.01180259
  0.04905528   0.01183736
  0.04915700   0.01187212
  0.04925873   0.01190689
  0.04936045   0.01194165
  0.04946217   0.01197642
  0.04956389   0.01201118
  0.04966561   0.01204594
  0.04976733   0.01208071
  0.04986906   0.01211547
  0.04997078   0.01215024
  0.05007250   0.01218500
  0.05017422   0.01221976
  0.05027594   0.01225453
  0.05037767   0.01228929
  0.05047939   0.01232406
  0.05058111   0.01235882
  0.05068283   0.01239358
  0.05078455   0.01242835
  0.05088627   0.01246311
  0.05098800   0.01249788
  0.05108972   0.01253264
  0.05119144   0.01256741
  0.05129316   0.01260217
  0.05139488   0.01263693
  0.05149660   0.01267170
  0.05159833   0.01270646
  0.05170005   0.01274123
  0.05180177   0.01277599
  0.05190349   0.01281075
  0.05200521   0.01284552
  0.05210693   0.01288028
  0.05220866   0.01291505
  0.05231038   0.01294981
  0.05241210   0.01298458
  0.05251382   0.01301934
  0.05261554   0.01305410
  0.05271726   0.01308887
  0.05281899   0.01312363
  0.05292071   0.01315840
  0.05302243   0.01319316
  0.05312415   0.01322792
  0.05322587   0.01326269
  0.05332759   0.01329745
  0.05342932   0.01333222
  0.05353104   0.01336698
  0.05363276   0.01340175
  0.05373448   0.01343651
  0.05383620   0.01347127
  0.05393792   0.01350604
  0.05403965   0.01354080
  0.05414137   0.01357557
  0.05424309   0.01361033
  0.05434481   0.01364509
  0.05444653   0.01367986
  0.05454825   0.01371462
  0.05464998   0.01374939
  0.05475170   0.01378415
  0.05485342   0.01381892
  0.05495514   0.01385368
  0.05505686   0.01388844
  0.05515858   0.01392321
  0.05526031   0.01395797
  0.05536203   0.01399274
  0.05546375   0.01402750
  0.05556547   0.01406226
  0.05566719   0.01409703
  0.05576892   0.01413179
  0.05587064   0.01416656
  0.05597236   0.01420132
  0.05607408   0.01423608
  0.05617580   0.01427085
  0.05627752   0.01430561
  0.05637925   0.01434038
  0.05648097   0.01437514
  0.05658269   0.01440991
  0.05668441   0.01444467
  0.05678613   0.01447943
  0.05688785   0.01451420
  0.05698958   0.01454896
  0.05709130   0.01458373
  0.05719302   0.01461849
  0.05729474   0.01465325
  0.05739646   0.01468802
  0.05749818   0.01472278
  0.05759991   0.01475755
  0.05770163   0.01479231
  0.05780335   0.01482708
  0.05790507   0.01486184
  0.05800679   0.01489660
  0.05810851   0.01493137
  0.05821024   0.01496613
  0.05831196   0.01500090
  0.05841368   0.01503566
  0.05851540   0.01507042
  0.05861712   0.01510519
  0.05871884   0.01513995
  0.05882057   0.01517472
  0.05892229   0.01520948
  0.05902401   0.01524425
  0.05912573   0.01527901
  0.05922745   0.01531377
  0.05932917   0.01534854
  0.05943090   0.01538330
  0.05953262   0.01541807
  0.05963434   0.01545283
  0.05973606   0.01548759
  0.05983778   0.01552236
  0.05993950   0.01555712
  0.06004123   0.01559189
  0.06014295   0.01562665
  0.06024467   0.01566142
  0.06034639   0.01569618
  0.06044811   0.01573094
  0.06054983   0.01576571
  0.06065156   0.01580047
  0.06075328   0.01583524
  0.06085500   0.01587000
  0.06095672   0.01590476
  0.06105844   0.01593953
  0.06116017   0.01597429
  0.06126189   0.01600906
  0.06136361   0.01604382
  0.06146533   0.01607858
  0.06156705   0.01611335
  0.06166877   0.01614811
  0.06177050   0.01618288
  0.06187222   0.01621764
  0.06197394   0.01625241
  0.06207566   0.01628717
  0.06217738   0.01632193
  0.06227910   0.01635670
  0.06238083   0.01639146
  0.06248255   0.01642623
  0.06258427   0.01646099
  0.06268599   0.01649575
  0.06278771   0.01653052
  0.06288943   0.01656528
  0.06299116   0.01660005
  0.06309288   0.01663481
  0.06319460   0.01666958
  0.06329632   0.01670434
  0.06339804   0.01673910
  0.06349976   0.01677387
  0.06360149   0.01680863
  0.06370321   0.01684340
  0.06380493   0.01687816
  0.06390665   0.01691292
  0.06400837   0.01694769
  0.06411009   0.01698245
  0.06421182   0.01701722
  0.06431354   0.01705198
  0.06441526   0.01708675
  0.06451698   0.01712151
  0.06461870   0.01715627
  0.06472042   0.01719104
  0.06482215   0.01722580
  0.06492387   0.01726057
  0.06502559   0.01729533
  0.06512731   0.01733009
  0.06522903   0.01736486
  0.06533075   0.01739962
  0.06543248   0.01743439
  0.06553420   0.01746915
  0.06563592   0.01750392
  0.06573764   0.01753868
  0.06583936   0.01757344
  0.06594108   0.01760821
  0.06604281   0.01764297
  0.06614453   0.01767774
  0.06624625   0.01771250
  0.06634797   0.01774726
  0.06644969   0.01778203
  0.06655142   0.01781679
  0.06665314   0.01785156
  0.06675486   0.01788632
  0.06685658   0.01792108
  0.06695830   0.01795585
  0.06706002   0.01799061
  0.06716175   0.01802538
  0.06726347   0.01806014
  0.06736519   0.01809491
  0.06746691   0.01812967
  0.06756863   0.01816443
  0.06767035   0.01819920
  0.06777208   0.01823396
  0.06787380   0.01826873
  0.06797552   0.01830349
  0.06807724   0.01833825
  0.06817896   0.01837302
  0.06828068   0.01840778
  0.06838241   0.01844255
  0.06848413   0.01847731
  0.06858585   0.01851208
  0.06868757   0.01854684
  0.06878929   0.01858160
  0.06889101   0.01861637
  0.06899274   0.01865113
  0.06909446   0.01868590
  0.06919618   0.01872066
  0.06929790   0.01875542
  0.06939962   0.01879019
  0.06950134   0.01882495
  0.06960307   0.01885972
  0.06970479   0.01889448
  0.06980651   0.01892925
  0.06990823   0.01896401
  0.07000995   0.01899877
  0.07011167   0.01903354
  0.07021340   0.01906830
  0.07031512   0.01910307
  0.07041684   0.01913783
  0.07051856   0.01917259
  0.07062028   0.01920736
  0.07072200   0.01924212
  0.07082373   0.01927689
  0.07092545   0.01931165
  0.07102717   0.01934642
  0.07112889   0.01938118
  0.07123061   0.01941594
  0.07133233   0.01945071
  0.07143406   0.01948547
  0.07153578   0.01952024
  0.07163750   0.01955500
  0.07173922   0.01958976
  0.07184094   0.01962453
  0.07194267   0.01965929
  0.07204439   0.01969406
  0.07214611   0.01972882
  0.07224783   0.01976358
  0.07234955   0.01979835
  0.07245127   0.01983311
  0.07255300   0.01986788
  0.07265472   0.01990264
  0.07275644   0.01993741
  0.07285816   0.01997217
  0.07295988   0.02000693
  0.07306160   0.02004170
  0.07316333   0.02007646
  0.07326505   0.02011123
  0.07336677   0.02014599
  0.07346849   0.02018075
  0.07357021   0.02021552
  0.07367193   0.02025028
  0.07377366   0.02028505
  0.07387538   0.02031981
  0.07397710   0.02035458
  0.07407882   0.02038934
  0.07418054   0.02042410
  0.07428226   0.02045887
  0.07438399   0.02049363
  0.07448571   0.02052840
  0.07458743   0.02056316
  0.07468915   0.02059792
  0.07479087   0.02063269
  0.07489259   0.02066745
  0.07499432   0.02070222
  0.07509604   0.02073698
  0.07519776   0.02077175
  0.07529948   0.02080651
  0.07540120   0.02084127
  0.07550292   0.02087604
  0.07560465   0.02091080
  0.07570637   0.02094557
  0.07580809   0.02098033
  0.07590981   0.02101509
  0.07601153   0.02104986
  0.07611325   0.02108462
  0.07621498   0.02111939
  0.07631670   0.02115415
  0.07641842   0.02118892
  0.07652014   0.02122368
  0.07662186   0.02125844
  0.07672358   0.02129321
  0.07682531   0.02132797
  0.07692703   0.02136274
  0.07702875   0.02139750
  0.07713047   0.02143226
  0.07723219   0.02146703
  0.07733392   0.02150179
  0.07743564   0.02153656
  0.07753736   0.02157132
  0.07763908   0.02160608
  0.07774080   0.02164085
  0.07784252   0.02167561
  0.07794425   0.02171038
  0.07804597   0.02174514
  0.07814769   0.02177991
  0.07824941   0.02181467
  0.07835113   0.02184943
  0.07845285   0.02188420
  0.07855458   0.02191896
  0.07865630   0.02195373
  0.07875802   0.02198849
  0.07885974   0.02202325
  0.07896146   0.02205802
  0.07906318   0.02209278
  0.07916491   0.02212755
  0.07926663   0.02216231
  0.07936835   0.02219708
  0.07947007   0.02223184
  0.07957179   0.02226660
  0.07967351   0.02230137
  0.07977524   0.02233613
  0.07987696   0.02237090
  0.07997868   0.02240566
  0.08008040   0.02244042
  0.08018212   0.02247519
  0.08028384   0.02250995
  0.08038557   0.02254472
  0.08048729   0.02257948
  0.08058901   0.02261425
  0.08069073   0.02264901
  0.08079245   0.02268377
  0.08089417   0.02271854
  0.08099590   0.02275330
  0.08109762   0.02278807
  0.08119934   0.02282283
  0.08130106   0.02285759
  0.08140278   0.02289236
  0.08150450   0.02292712
  0.08160623   0.02296189
  0.08170795   0.02299665
  0.08180967   0.02303142
  0.08191139   0.02306618
  0.08201311   0.02310094
  0.08211483   0.02313571
  0.08221656   0.02317047
  0.08231828   0.02320524
  0.08242000   0.02324000
  0.08252107   0.02327484
  0.08262213   0.02330861
  0.08272320   0.02334187
  0.08282427   0.02337462
  0.08292533   0.02340687
  0.08302640   0.02343862
  0.08312747   0.02346986
  0.08322853   0.02350061
  0.08332960   0.02353086
  0.08343067   0.02356061
  0.08353173   0.02358987
  0.08363280   0.02361864
  0.08373387   0.02364692
  0.08383493   0.02367472
  0.08393600   0.02370203
  0.08403707   0.02372886
  0.08413813   0.02375520
  0.08423920   0.02378106
  0.08434027   0.02380645
  0.08444133   0.02383136
  0.08454240   0.02385579
  0.08464347   0.02387975
  0.08474453   0.02390324
  0.08484560   0.02392626
  0.08494667   0.02394881
  0.08504773   0.02397089
  0.08514880   0.02399250
  0.08524987   0.02401365
  0.08535093   0.02403433
  0.08545200   0.02405455
  0.08555307   0.02407431
  0.08565413   0.02409361
  0.08575520   0.02411245
  0.08585627   0.02413083
  0.08595733   0.02414875
  0.08605840   0.02416622
  0.08615947   0.02418323
  0.08626053   0.02419979
  0.08636160   0.02421590
  0.08646267   0.02423155
  0.08656373   0.02424676
  0.08666480   0.02426151
  0.08676587   0.02427581
  0.08686693   0.02428967
  0.08696800   0.02430308
  0.08706907   0.02431604
  0.08717013   0.02432855
  0.08727120   0.02434062
  0.08737227   0.02435224
  0.08747333   0.02436342
  0.08757440   0.02437416
  0.08767547   0.02438445
  0.08777653   0.02439431
  0.08787760   0.02440371
  0.08797867   0.02441268
  0.08807973   0.02442121
  0.08818080   0.02442930
  0.08828187   0.02443695
  0.08838293   0.02444415
  0.08848400   0.02445092
  0.08858507   0.02445726
  0.08868613   0.02446315
  0.08878720   0.02446860
  0.08888827   0.02447362
  0.08898933   0.02447820
  0.08909040   0.02448234
  0.08919147   0.02448605
  0.08929253   0.02448932
  0.08939360   0.02449215
  0.08949467   0.02449455
  0.08959573   0.02449651
  0.08969680   0.02449804
  0.08979787   0.02449913
  0.08989893   0.02449978
  0.09000000   0.02450000
  0.09010107   0.02449978
  0.09020213   0.02449913
  0.09030320   0.02449804
  0.09040427   0.02449651
  0.09050533   0.02449455
  0.09060640   0.02449215
  0.09070747   0.02448932
  0.09080853   0.02448605
  0.09090960   0.02448234
  0.09101067   0.02447820
  0.09111173   0.02447362
  0.09121280   0.02446860
  0.09131387   0.02446315
  0.09141493   0.02445726
  0.09151600   0.02445092
  0.09161707   0.02444415
  0.09171813   0.02443695
  0.09181920   0.02442930
  0.09192027   0.02442121
  0.09202133   0.02441268
  0.09212240   0.02440371
  0.09222347   0.02439431
  0.09232453   0.02438445
  0.09242560   0.02437416
  0.09252667   0.02436342
  0.09262773   0.02435224
  0.09272880   0.02434062
  0.09282987   0.02432855
  0.09293093   0.02431604
  0.09303200   0.02430308
  0.09313307   0.02428967
  0.09323413   0.02427581
  0.09333520   0.02426151
  0.09343627   0.02424676
  0.09353733   0.02423155
  0.09363840   0.02421590
  0.09373947   0.02419979
  0.09384053   0.02418323
  0.09394160   0.02416622
  0.09404267   0.02414875
  0.09414373   0.02413083
  0.09424480   0.02411245
  0.09434587   0.02409361
  0.09444693   0.02407431
  0.09454800   0.02405455
  0.09464907   0.02403433
  0.09475013   0.02401365
  0.09485120   0.02399250
  0.09495227   0.02397089
  0.09505333   0.02394881
  0.09515440   0.02392626
  0.09525547   0.02390324
  0.09535653   0.02387975
  0.09545760   0.02385579
  0.09555867   0.02383136
  0.09565973   0.02380645
  0.09576080   0.02378106
  0.09586187   0.02375520
  0.09596293   0.02372886
  0.09606400   0.02370203
  0.09616507   0.02367472
  0.09626613   0.02364692
  0.09636720   0.02361864
  0.09646827   0.02358987
  0.09656933   0.02356061
  0.09667040   0.02353086
  0.09677147   0.02350061
  0.09687253   0.02346986
  0.09697360   0.02343862
  0.09707467   0.02340687
  0.09717573   0.02337462
  0.09727680   0.02334187
  0.09737787   0.02330861
  0.09747893   0.02324000
  0.09758000   0.02324000
  0.09768148   0.02320532
  0.09778296   0.02317064
  0.09788445   0.02313595
  0.09798593   0.02310127
  0.09808741   0.02306659
  0.09818889   0.02303191
  0.09829038   0.02299722
  0.09839186   0.02296254
  0.09849334   0.02292786
  0.09859482   0.02289318
  0.09869631   0.02285849
  0.09879779   0.02282381
  0.09889927   0.02278913
  0.09900075   0.02275445
  0.09910224   0.02271976
  0.09920372   0.02268508
  0.09930520   0.02265040
  0.09940668   0.02261572
  0.09950816   0.02258104
  0.09960965   0.02254635
  0.09971113   0.02251167
  0.09981261   0.02247699
  0.09991409   0.02244231
  0.10001558   0.02240762
  0.10011706   0.02237294
  0.10021854   0.02233826
  0.10032002   0.02230358
  0.10042151   0.02226889
  0.10052299   0.02223421
  0.10062447   0.02219953
  0.10072595   0.02216485
  0.10082744   0.02213016
  0.10092892   0.02209548
  0.10103040   0.02206080
  0.10113188   0.02202612
  0.10123336   0.02199144
  0.10133485   0.02195675
  0.10143633   0.02192207
  0.10153781   0.02188739
  0.10163929   0.02185271
  0.10174078   0.02181802
  0.10184226   0.02178334
  0.10194374   0.02174866
  0.10204522   0.02171398
  0.10214671   0.02167929
  0.10224819   0.02164461
  0.10234967   0.02160993
  0.10245115   0.02157525
  0.10255264   0.02154056
  0.10265412   0.02150588
  0.10275560   0.02147120
  0.10285708   0.02143652
  0.10295856   0.02140184
  0.10306005   0.02136715
  0.10316153   0.02133247
  0.10326301   0.02129779
  0.10336449   0.02126311
  0.10346598   0.02122842
  0.10356746   0.02119374
  0.10366894   0.02115906
  0.10377042   0.02112438
  0.10387191   0.02108969
  0.10397339   0.02105501
  0.10407487   0.02102033
  0.10417635   0.02098565
  0.10427784   0.02095096
  0.10437932   0.02091628
  0.10448080   0.02088160
  0.10458228   0.02084692
  0.10468376   0.02081224
  0.10478525   0.02077755
  0.10488673   0.02074287
  0.10498821   0.02070819
  0.10508969   0.02067351
  0.10519118   0.02063882
  0.10529266   0.02060414
  0.10539414   0.02056946
  0.10549562   0.02053478
  0.10559711   0.02050009
  0.10569859   0.02046541
  0.10580007   0.02043073
  0.10590155   0.02039605
  0.10600304   0.02036136
  0.10610452   0.02032668
  0.10620600   0.02029200
  0.10630748   0.02025732
  0.10640896   0.02022264
  0.10651045   0.02018795
  0.10661193   0.02015327
  0.10671341   0.02011859
  0.10681489   0.02008391
  0.10691638   0.02004922
  0.10701786   0.02001454
  0.10711934   0.01997986
  0.10722082   0.01994518
  0.10732231   0.01991049
  0.10742379   0.01987581
  0.10752527   0.01984113
  0.10762675   0.01980645
  0.10772824   0.01977176
  0.10782972   0.01973708
  0.10793120   0.01970240
  0.10803268   0.01966772
  0.10813416   0.01963304
  0.10823565   0.01959835
  0.10833713   0.01956367
  0.10843861   0.01952899
  0.10854009   0.01949431
  0.10864158   0.01945962
  0.10874306   0.01942494
  0.10884454   0.01939026
  0.10894602   0.01935558
  0.10904751   0.01932089
  0.10914899   0.01928621
  0.10925047   0.01925153
  0.10935195   0.01921685
  0.10945344   0.01918216
  0.10955492   0.01914748
  0.10965640   0.01911280
  0.10975788   0.01907812
  0.10985936   0.01904344
  0.10996085   0.01900875
  0.11006233   0.01897407
  0.11016381   0.01893939
  0.11026529   0.01890471
  0.11036678   0.01887002
  0.11046826   0.01883534
  0.11056974   0.01880066
  0.11067122   0.01876598
  0.11077271   0.01873129
  0.11087419   0.01869661
  0.11097567   0.01866193
  0.11107715   0.01862725
  0.11117864   0.01859256
  0.11128012   0.01855788
  0.11138160   0.01852320
  0.11148308   0.01848852
  0.11158456   0.01845384
  0.11168605   0.01841915
  0.11178753   0.01838447
  0.11188901   0.01834979
  0.11199049   0.01831511
  0.11209198   0.01828042
  0.11219346   0.01824574
  0.11229494   0.01821106
  0.11239642   0.01817638
  0.11249791   0.01814169
  0.11259939   0.01810701
  0.11270087   0.01807233
  0.11280235   0.01803765
  0.11290384   0.01800296
  0.11300532   0.01796828
  0.11310680   0.01793360
  0.11320828   0.01789892
  0.11330976   0.01786424
  0.11341125   0.01782955
  0.11351273   0.01779487
  0.11361421   0.01776019
  0.11371569   0.01772551
  0.11381718   0.01769082
  0.11391866   0.01765614
  0.11402014   0.01762146
  0.11412162   0.01758678
  0.11422311   0.01755209
  0.11432459   0.01751741
  0.11442607   0.01748273
  0.11452755   0.01744805
  0.11462904   0.01741336
  0.11473052   0.01737868
  0.11483200   0.01734400
  0.11493348   0.01730932
  0.11503496   0.01727464
  0.11513645   0.01723995
  0.11523793   0.01720527
  0.11533941   0.01717059
  0.11544089   0.01713591
  0.11554238   0.01710122
  0.11564386   0.01706654
  0.11574534   0.01703186
  0.11584682   0.01699718
  0.11594831   0.01696249
  0.11604979   0.01692781
  0.11615127   0.01689313
  0.11625275   0.01685845
  0.11635424   0.01682376
  0.11645572   0.01678908
  0.11655720   0.01675440
  0.11665868   0.01671972
  0.11676016   0.01668504
  0.11686165   0.01665035
  0.11696313   0.01661567
  0.11706461   0.01658099
  0.11716609   0.01654631
  0.11726758   0.01651162
  0.11736906   0.01647694
  0.11747054   0.01644226
  0.11757202   0.01640758
  0.11767351   0.01637289
  0.11777499   0.01633821
  0.11787647   0.01630353
  0.11797795   0.01626885
  0.11807944   0.01623416
  0.11818092   0.01619948
  0.11828240   0.01616480
  0.11838388   0.01613012
  0.11848536   0.01609544
  0.11858685   0.01606075
  0.11868833   0.01602607
  0.11878981   0.01599139
  0.11889129   0.01595671
  0.11899278   0.01592202
  0.11909426   0.01588734
  0.11919574   0.01585266
  0.11929722   0.01581798
  0.11939871   0.01578329
  0.11950019   0.01574861
  0.11960167   0.01571393
  0.11970315   0.01567925
  0.11980464   0.01564456
  0.11990612   0.01560988
  0.12000760   0.01557520
  0.12010908   0.01554052
  0.12021056   0.01550584
  0.12031205   0.01547115
  0.12041353   0.01543647
  0.12051501   0.01540179
  0.12061649   0.01536711
  0.12071798   0.01533242
  0.12081946   0.01529774
  0.12092094   0.01526306
  0.12102242   0.01522838
  0.12112391   0.01519369
  0.12122539   0.01515901
  0.12132687   0.01512433
  0.12142835   0.01508965
  0.12152984   0.01505496
  0.12163132   0.01502028
  0.12173280   0.01498560
  0.12183428   0.01495092
  0.12193576   0.01491624
  0.12203725   0.01488155
  0.12213873   0.01484687
  0.12224021   0.01481219
  0.12234169   0.01477751
  0.12244318   0.01474282
  0.12254466   0.01470814
  0.12264614   0.01467346
  0.12274762   0.01463878
  0.12284911   0.01460409
  0.12295059   0.01456941
  0.12305207   0.01453473
  0.12315355   0.01450005
  0.12325504   0.01446536
  0.12335652   0.01443068
  0.12345800   0.01439600
  0.12355948   0.01436132
  0.12366096   0.01432664
  0.12376245   0.01429195
  0.12386393   0.01425727
  0.12396541   0.01422259
  0.12406689   0.01418791
  0.12416838   0.01415322
  0.12426986   0.01411854
  0.12437134   0.01408386
  0.12447282   0.01404918
  0.12457431   0.01401449
  0.12467579   0.01397981
  0.12477727   0.01394513
  0.12487875   0.01391045
  0.12498024   0.01387576
  0.12508172   0.01384108
  0.12518320   0.01380640
  0.12528468   0.01377172
  0.12538616   0.01373704
  0.12548765   0.01370235
  0.12558913   0.01366767
  0.12569061   0.01363299
  0.12579209   0.01359831
  0.12589358   0.01356362
  0.12599506   0.01352894
  0.12609654   0.01349426
  0.12619802   0.01345958
  0.12629951   0.01342489
  0.12640099   0.01339021
  0.12650247   0.01335553
  0.12660395   0.01332085
  0.12670544   0.01328616
  0.12680692   0.01325148
  0.12690840   0.01321680
  0.12700988   0.01318212
  0.12711136   0.01314744
  0.12721285   0.01311275
  0.12731433   0.01307807
  0.12741581   0.01304339
  0.12751729   0.01300871
  0.12761878   0.01297402
  0.12772026   0.01293934
  0.12782174   0.01290466
  0.12792322   0.01286998
  0.12802471   0.01283529
  0.12812619   0.01280061
  0.12822767   0.01276593
  0.12832915   0.01273125
  0.12843064   0.01269656
  0.12853212   0.01266188
  0.12863360   0.01262720
  0.12873508   0.01259252
  0.12883656   0.01255784
  0.12893805   0.01252315
  0.12903953   0.01248847
  0.12914101   0.01245379
  0.12924249   0.01241911
  0.12934398   0.01238442
  0.12944546   0.01234974
  0.12954694   0.01231506
  0.12964842   0.01228038
  0.12974991   0.01224569
  0.12985139   0.01221101
  0.12995287   0.01217633
  0.13005435   0.01214165
  0.13015584   0.01210696
  0.13025732   0.01207228
  0.13035880   0.01203760
  0.13046028   0.01200292
  0.13056176   0.01196824
  0.13066325   0.01193355
  0.13076473   0.01189887
  0.13086621   0.01186419
  0.13096769   0.01182951
  0.13106918   0.01179482
  0.13117066   0.01176014
  0.13127214   0.01172546
  0.13137362   0.01169078
  0.13147511   0.01165609
  0.13157659   0.01162141
  0.13167807   0.01158673
  0.13177955   0.01155205
  0.13188104   0.01151736
  0.13198252   0.01148268
  0.13208400   0.01144800
  0.13218548   0.01141332
  0.13228696   0.01137864
  0.13238845   0.01134395
  0.13248993   0.01130927
  0.13259141   0.01127459
  0.13269289   0.01123991
  0.13279438   0.01120522
  0.13289586   0.01117054
  0.13299734   0.01113586
  0.13309882   0.01110118
  0.13320031   0.01106649
  0.13330179   0.01103181
  0.13340327   0.01099713
  0.13350475   0.01096245
  0.13360624   0.01092776
  0.13370772   0.01089308
  0.13380920   0.01085840
  0.13391068   0.01082372
  0.13401216   0.01078904
  0.13411365   0.01075435
  0.13421513   0.01071967
  0.13431661   0.01068499
  0.13441809   0.01065031
  0.13451958   0.01061562
  0.13462106   0.01058094
  0.13472254   0.01054626
  0.13482402   0.01051158
  0.13492551   0.01047689
  0.13502699   0.01044221
  0.13512847   0.01040753
  0.13522995   0.01037285
  0.13533144   0.01033816
  0.13543292   0.01030348
  0.13553440   0.01026880
  0.13563588   0.01023412
  0.13573736   0.01019944
  0.13583885   0.01016475
  0.13594033   0.01013007
  0.13604181   0.01009539
  0.13614329   0.01006071
  0.13624478   0.01002602
  0.13634626   0.00999134
  0.13644774   0.00995666
  0.13654922   0.00992198
  0.13665071   0.00988729
  0.13675219   0.00985261
  0.13685367   0.00981793
  0.13695515   0.00978325
  0.13705664   0.00974856
  0.13715812   0.00971388
  0.13725960   0.00967920
  0.13736108   0.00964452
  0.13746256   0.00960984
  0.13756405   0.00957515
  0.13766553   0.00954047
  0.13776701   0.00950579
  0.13786849   0.00947111
  0.13796998   0.00943642
  0.13807146   0.00940174
  0.13817294   0.00936706
  0.13827442   0.00933238
  0.13837591   0.00929769
  0.13847739   0.00926301
  0.13857887   0.00922833
  0.13868035   0.00919365
  0.13878184   0.00915896
  0.13888332   0.00912428
  0.13898480   0.00908960
  0.13908628   0.00905492
  0.13918776   0.00902024
  0.13928925   0.00898555
  0.13939073   0.00895087
  0.13949221   0.00891619
  0.13959369   0.00888151
  0.13969518   0.00884682
  0.13979666   0.00881214
  0.13989814   0.00877746
  0.13999962   0.00874278
  0.14010111   0.00870809
  0.14020259   0.00867341
  0.14030407   0.00863873
  0.14040555   0.00860405
  0.14050704   0.00856936
  0.14060852   0.00853468
  0.14071000   0.00850000
  0.14071000   0.00850000
  0.14074132   0.00850000
  0.14077264   0.00850000
  0.14080396   0.00850000
  0.14083529   0.00850000
  0.14086661   0.00850000
  0.14089793   0.00850000
  0.14092925   0.00850000
  0.14096057   0.00850000
  0.14099189   0.00850000
  0.14102321   0.00850000
  0.14105453   0.00850000
  0.14108586   0.00850000
  0.14111718   0.00850000
  0.14114850   0.00850000
  0.14117982   0.00850000
  0.14121114   0.00850000
  0.14124246   0.00850000
  0.14127378   0.00850000
  0.14130511   0.00850000
  0.14133643   0.00850000
  0.14136775   0.00850000
  0.14139907   0.00850000
  0.14143039   0.00850000
  0.14146171   0.00850000
  0.14149303   0.00850000
  0.14152435   0.00850000
  0.14155568   0.00850000
  0.14158700   0.00850000
  0.14161832   0.00850000
  0.14164964   0.00850000
  0.14168096   0.00850000
  0.14171228   0.00850000
  0.14174360   0.00850000
  0.14177492   0.00850000
  0.14180625   0.00850000
  0.14183757   0.00850000
  0.14186889   0.00850000
  0.14190021   0.00850000
  0.14193153   0.00850000
  0.14196285   0.00850000
  0.14199417   0.00850000
  0.14202550   0.00850000
  0.14205682   0.00850000
  0.14208814   0.00850000
  0.14211946   0.00850000
  0.14215078   0.00850000
  0.14218210   0.00850000
  0.14221342   0.00850000
  0.14224474   0.00850000
  0.14227607   0.00850000
  0.14230739   0.00850000
  0.14233871   0.00850000
  0.14237003   0.00850000
  0.14240135   0.00850000
  0.14243267   0.00850000
  0.14246399   0.00850000
  0.14249532   0.00850000
  0.14252664   0.00850000
  0.14255796   0.00850000
  0.14258928   0.00850000
  0.14262060   0.00850000
  0.14265192   0.00850000
  0.14268324   0.00850000
  0.14271456   0.00850000
  0.14274589   0.00850000
  0.14277721   0.00850000
  0.14280853   0.00850000
  0.14283985   0.00850000
  0.14287117   0.00850000
  0.14290249   0.00850000
  0.14293381   0.00850000
  0.14296514   0.00850000
  0.14299646   0.00850000
  0.14302778   0.00850000
  0.14305910   0.00850000
  0.14309042   0.00850000
  0.14312174   0.00850000
  0.14315306   0.00850000
  0.14318438   0.00850000
  0.14321571   0.00850000
  0.14324703   0.00850000
  0.14327835   0.00850000
  0.14330967   0.00850000
  0.14334099   0.00850000
  0.14337231   0.00850000
  0.14340363   0.00850000
  0.14343495   0.00850000
  0.14346628   0.00850000
  0.14349760   0.00850000
  0.14352892   0.00850000
  0.14356024   0.00850000
  0.14359156   0.00850000
  0.14362288   0.00850000
  0.14365420   0.00850000
  0.14368553   0.00850000
  0.14371685   0.00850000
  0.14374817   0.00850000
  0.14377949   0.00850000
  0.14381081   0.00850000
  0.14384213   0.00850000
  0.14387345   0.00850000
  0.14390477   0.00850000
  0.14393610   0.00850000
  0.14396742   0.00850000
  0.14399874   0.00850000
  0.14403006   0.00850000
  0.14406138   0.00850000
  0.14409270   0.00850000
  0.14412402   0.00850000
  0.14415535   0.00850000
  0.14418667   0.00850000
  0.14421799   0.00850000
  0.14424931   0.00850000
  0.14428063   0.00850000
  0.14431195   0.00850000
  0.14434327   0.00850000
  0.14437459   0.00850000
  0.14440592   0.00850000
  0.14443724   0.00850000
  0.14446856   0.00850000
  0.14449988   0.00850000
  0.14453120   0.00850000
  0.14456252   0.00850000
  0.14459384   0.00850000
  0.14462517   0.00850000
  0.14465649   0.00850000
  0.14468781   0.00850000
  0.14471913   0.00850000
  0.14475045   0.00850000
  0.14478177   0.00850000
  0.14481309   0.00850000
  0.14484441   0.00850000
  0.14487574   0.00850000
  0.14490706   0.00850000
  0.14493838   0.00850000
  0.14496970   0.00850000
  0.14500102   0.00850000
  0.14503234   0.00850000
  0.14506366   0.00850000
  0.14509498   0.00850000
  0.14512631   0.00850000
  0.14515763   0.00850000
  0.14518895   0.00850000
  0.14522027   0.00850000
  0.14525159   0.00850000
  0.14528291   0.00850000
  0.14531423   0.00850000
  0.14534556   0.00850000
  0.14537688   0.00850000
  0.14540820   0.00850000
  0.14543952   0.00850000
  0.14547084   0.00850000
  0.14550216   0.00850000
  0.14553348   0.00850000
  0.14556480   0.00850000
  0.14559613   0.00850000
  0.14562745   0.00850000
  0.14565877   0.00850000
  0.14569009   0.00850000
  0.14572141   0.00850000
  0.14575273   0.00850000
  0.14578405   0.00850000
  0.14581538   0.00850000
  0.14584670   0.00850000
  0.14587802   0.00850000
  0.14590934   0.00850000
  0.14594066   0.00850000
  0.14597198   0.00850000
  0.14600330   0.00850000
  0.14603462   0.00850000
  0.14606595   0.00850000
  0.14609727   0.00850000
  0.14612859   0.00850000
  0.14615991   0.00850000
  0.14619123   0.00850000
  0.14622255   0.00850000
  0.14625387   0.00850000
  0.14628520   0.00850000
  0.14631652   0.00850000
  0.14634784   0.00850000
  0.14637916   0.00850000
  0.14641048   0.00850000
  0.14644180   0.00850000
  0.14647312   0.00850000
  0.14650444   0.00850000
  0.14653577   0.00850000
  0.14656709   0.00850000
  0.14659841   0.00850000
  0.14662973   0.00850000
  0.14666105   0.00850000
  0.14669237   0.00850000
  0.14672369   0.00850000
  0.14675502   0.00850000
  0.14678634   0.00850000
  0.14681766   0.00850000
  0.14684898   0.00850000
  0.14688030   0.00850000
  0.14691162   0.00850000
  0.14694294   0.00850000
  0.14697426   0.00850000
  0.14700559   0.00850000
  0.14703691   0.00850000
  0.14706823   0.00850000
  0.14709955   0.00850000
  0.14713087   0.00850000
  0.14716219   0.00850000
  0.14719351   0.00850000
  0.14722483   0.00850000
  0.14725616   0.00850000
  0.14728748   0.00850000
  0.14731880   0.00850000
  0.14735012   0.00850000
  0.14738144   0.00850000
  0.14741276   0.00850000
  0.14744408   0.00850000
  0.14747541   0.00850000
  0.14750673   0.00850000
  0.14753805   0.00850000
  0.14756937   0.00850000
  0.14760069   0.00850000
  0.14763201   0.00850000
  0.14766333   0.00850000
  0.14769465   0.00850000
  0.14772598   0.00850000
  0.14775730   0.00850000
  0.14778862   0.00850000
  0.14781994   0.00850000
  0.14785126   0.00850000
  0.14788258   0.00850000
  0.14791390   0.00850000
  0.14794523   0.00850000
  0.14797655   0.00850000
  0.14800787   0.00850000
  0.14803919   0.00850000
  0.14807051   0.00850000
  0.14810183   0.00850000
  0.14813315   0.00850000
  0.14816447   0.00850000
  0.14819580   0.00850000
  0.14822712   0.00850000
  0.14825844   0.00850000
  0.14828976   0.00850000
  0.14832108   0.00850000
  0.14835240   0.00850000
  0.14838372   0.00850000
  0.14841505   0.00850000
  0.14844637   0.00850000
  0.14847769   0.00850000
  0.14850901   0.00850000
  0.14854033   0.00850000
  0.14857165   0.00850000
  0.14860297   0.00850000
  0.14863429   0.00850000
  0.14866562   0.00850000
  0.14869694   0.00850000
  0.14872826   0.00850000
  0.14875958   0.00850000
  0.14879090   0.00850000
  0.14882222   0.00850000
  0.14885354   0.00850000
  0.14888486   0.00850000
  0.14891619   0.00850000
  0.14894751   0.00850000
  0.14897883   0.00850000
  0.14901015   0.00850000
  0.14904147   0.00850000
  0.14907279   0.00850000
  0.14910411   0.00850000
  0.14913544   0.00850000
  0.14916676   0.00850000
  0.14919808   0.00850000
  0.14922940   0.00850000
  0.14926072   0.00850000
  0.14929204   0.00850000
  0.14932336   0.00850000
  0.14935468   0.00850000
  0.14938601   0.00850000
  0.14941733   0.00850000
  0.14944865   0.00850000
  0.14947997   0.00850000
  0.14951129   0.00850000
  0.14954261   0.00850000
  0.14957393   0.00850000
  0.14960526   0.00850000
  0.14963658   0.00850000
  0.14966790   0.00850000
  0.14969922   0.00850000
  0.14973054   0.00850000
  0.14976186   0.00850000
  0.14979318   0.00850000
  0.14982450   0.00850000
  0.14985583   0.00850000
  0.14988715   0.00850000
  0.14991847   0.00850000
  0.14994979   0.00850000
  0.14998111   0.00850000
  0.15001243   0.00850000
  0.15004375   0.00850000
  0.15007508   0.00850000
  0.15010640   0.00850000
  0.15013772   0.00850000
  0.15016904   0.00850000
  0.15020036   0.00850000
  0.15023168   0.00850000
  0.15026300   0.00850000
  0.15029432   0.00850000
  0.15032565   0.00850000
  0.15035697   0.00850000
  0.15038829   0.00850000
  0.15041961   0.00850000
  0.15045093   0.00850000
  0.15048225   0.00850000
  0.15051357   0.00850000
  0.15054489   0.00850000
  0.15057622   0.00850000
  0.15060754   0.00850000
  0.15063886   0.00850000
  0.15067018   0.00850000
  0.15070150   0.00850000
  0.15073282   0.00850000
  0.15076414   0.00850000
  0.15079547   0.00850000
  0.15082679   0.00850000
  0.15085811   0.00850000
  0.15088943   0.00850000
  0.15092075   0.00850000
  0.15095207   0.00850000
  0.15098339   0.00850000
  0.15101471   0.00850000
  0.15104604   0.00850000
  0.15107736   0.00850000
  0.15110868   0.00850000
  0.15114000   0.00850000
  0.15117132   0.00850000
  0.15120264   0.00850000
  0.15123396   0.00850000
  0.15126529   0.00850000
  0.15129661   0.00850000
  0.15132793   0.00850000
  0.15135925   0.00850000
  0.15139057   0.00850000
  0.15142189   0.00850000
  0.15145321   0.00850000
  0.15148453   0.00850000
  0.15151586   0.00850000
  0.15154718   0.00850000
  0.15157850   0.00850000
  0.15160982   0.00850000
  0.15164114   0.00850000
  0.15167246   0.00850000
  0.15170378   0.00850000
  0.15173511   0.00850000
  0.15176643   0.00850000
  0.15179775   0.00850000
  0.15182907   0.00850000
  0.15186039   0.00850000
  0.15189171   0.00850000
  0.15192303   0.00850000
  0.15195435   0.00850000
  0.15198568   0.00850000
  0.15201700   0.00850000
  0.15204832   0.00850000
  0.15207964   0.00850000
  0.15211096   0.00850000
  0.15214228   0.00850000
  0.15217360   0.00850000
  0.15220492   0.00850000
  0.15223625   0.00850000
  0.15226757   0.00850000
  0.15229889   0.00850000
  0.15233021   0.00850000
  0.15236153   0.00850000
  0.15239285   0.00850000
  0.15242417   0.00850000
  0.15245550   0.00850000
  0.15248682   0.00850000
  0.15251814   0.00850000
  0.15254946   0.00850000
  0.15258078   0.00850000
  0.15261210   0.00850000
  0.15264342   0.00850000
  0.15267474   0.00850000
  0.15270607   0.00850000
  0.15273739   0.00850000
  0.15276871   0.00850000
  0.15280003   0.00850000
  0.15283135   0.00850000
  0.15286267   0.00850000
  0.15289399   0.00850000
  0.15292532   0.00850000
  0.15295664   0.00850000
  0.15298796   0.00850000
  0.15301928   0.00850000
  0.15305060   0.00850000
  0.15308192   0.00850000
  0.15311324   0.00850000
  0.15314456   0.00850000
  0.15317589   0.00850000
  0.15320721   0.00850000
  0.15323853   0.00850000
  0.15326985   0.00850000
  0.15330117   0.00850000
  0.15333249   0.00850000
  0.15336381   0.00850000
  0.15339514   0.00850000
  0.15342646   0.00850000
  0.15345778   0.00850000
  0.15348910   0.00850000
  0.15352042   0.00850000
  0.15355174   0.00850000
  0.15358306   0.00850000
  0.15361438   0.00850000
  0.15364571   0.00850000
  0.15367703   0.00850000
  0.15370835   0.00850000
  0.15373967   0.00850000
  0.15377099   0.00850000
  0.15380231   0.00850000
  0.15383363   0.00850000
  0.15386495   0.00850000
  0.15389628   0.00850000
  0.15392760   0.00850000
  0.15395892   0.00850000
  0.15399024   0.00850000
  0.15402156   0.00850000
  0.15405288   0.00850000
  0.15408420   0.00850000
  0.15411553   0.00850000
  0.15414685   0.00850000
  0.15417817   0.00850000
  0.15420949   0.00850000
  0.15424081   0.00850000
  0.15427213   0.00850000
  0.15430345   0.00850000
  0.15433477   0.00850000
  0.15436610   0.00850000
  0.15439742   0.00850000
  0.15442874   0.00850000
  0.15446006   0.00850000
  0.15449138   0.00850000
  0.15452270   0.00850000
  0.15455402   0.00850000
  0.15458535   0.00850000
  0.15461667   0.00850000
  0.15464799   0.00850000
  0.15467931   0.00850000
  0.15471063   0.00850000
  0.15474195   0.00850000
  0.15477327   0.00850000
  0.15480459   0.00850000
  0.15483592   0.00850000
  0.15486724   0.00850000
  0.15489856   0.00850000
  0.15492988   0.00850000
  0.15496120   0.00850000
  0.15499252   0.00850000
  0.15502384   0.00850000
  0.15505517   0.00850000
  0.15508649   0.00850000
  0.15511781   0.00850000
  0.15514913   0.00850000
  0.15518045   0.00850000
  0.15521177   0.00850000
  0.15524309   0.00850000
  0.15527441   0.00850000
  0.15530574   0.00850000
  0.15533706   0.00850000
  0.15536838   0.00850000
  0.15539970   0.00850000
  0.15543102   0.00850000
  0.15546234   0.00850000
  0.15549366   0.00850000
  0.15552498   0.00850000
  0.15555631   0.00850000
  0.15558763   0.00850000
  0.15561895   0.00850000
  0.15565027   0.00850000
  0.15568159   0.00850000
  0.15571291   0.00850000
  0.15574423   0.00850000
  0.15577556   0.00850000
  0.15580688   0.00850000
  0.15583820   0.00850000
  0.15586952   0.00850000
  0.15590084   0.00850000
  0.15593216   0.00850000
  0.15596348   0.00850000
  0.15599480   0.00850000
  0.15602613   0.00850000
  0.15605745   0.00850000
  0.15608877   0.00850000
  0.15612009   0.00850000
  0.15615141   0.00850000
  0.15618273   0.00850000
  0.15621405   0.00850000
  0.15624538   0.00850000
  0.15627670   0.00850000
  0.15630802   0.00850000
  0.15633934   0.00850000
  0.15637066   0.00850000
  0.15640198   0.00850000
  0.15643330   0.00850000
  0.15646462   0.00850000
  0.15649595   0.00850000
  0.15652727   0.00850000
  0.15655859   0.00850000
  0.15658991   0.00850000
  0.15662123   0.00850000
  0.15665255   0.00850000
  0.15668387   0.00850000
  0.15671520   0.00850000
  0.15674652   0.00850000
  0.15677784   0.00850000
  0.15680916   0.00850000
  0.15684048   0.00850000
  0.15687180   0.00850000
  0.15690312   0.00850000
  0.15693444   0.00850000
  0.15696577   0.00850000
  0.15699709   0.00850000
  0.15702841   0.00850000
  0.15705973   0.00850000
  0.15709105   0.00850000
  0.15712237   0.00850000
  0.15715369   0.00850000
  0.15718502   0.00850000
  0.15721634   0.00850000
  0.15724766   0.00850000
  0.15727898   0.00850000
  0.15731030   0.00850000
  0.15734162   0.00850000
  0.15737294   0.00850000
  0.15740426   0.00850000
  0.15743559   0.00850000
  0.15746691   0.00850000
  0.15749823   0.00850000
  0.15752955   0.00850000
  0.15756087   0.00850000
  0.15759219   0.00850000
  0.15762351   0.00850000
  0.15765483   0.00850000
  0.15768616   0.00850000
  0.15771748   0.00850000
  0.15774880   0.00850000
  0.15778012   0.00850000
  0.15781144   0.00850000
  0.15784276   0.00850000
  0.15787408   0.00850000
  0.15790541   0.00850000
  0.15793673   0.00850000
  0.15796805   0.00850000
  0.15799937   0.00850000
  0.15803069   0.00850000
  0.15806201   0.00850000
  0.15809333   0.00850000
  0.15812465   0.00850000
  0.15815598   0.00850000
  0.15818730   0.00850000
  0.15821862   0.00850000
  0.15824994   0.00850000
  0.15828126   0.00850000
  0.15831258   0.00850000
  0.15834390   0.00850000
  0.15837523   0.00850000
  0.15840655   0.00850000
  0.15843787   0.00850000
  0.15846919   0.00850000
  0.15850051   0.00850000
  0.15853183   0.00850000
  0.15856315   0.00850000
  0.15859447   0.00850000
  0.15862580   0.00850000
  0.15865712   0.00850000
  0.15868844   0.00850000
  0.15871976   0.00850000
  0.15875108   0.00850000
  0.15878240   0.00850000
  0.15881372   0.00850000
  0.15884505   0.00850000
  0.15887637   0.00850000
  0.15890769   0.00850000
  0.15893901   0.00850000
  0.15897033   0.00850000
  0.15900165   0.00850000
  0.15903297   0.00850000
  0.15906429   0.00850000
  0.15909562   0.00850000
  0.15912694   0.00850000
  0.15915826   0.00850000
  0.15918958   0.00850000
  0.15922090   0.00850000
  0.15925222   0.00850000
  0.15928354   0.00850000
  0.15931486   0.00850000
  0.15934619   0.00850000
  0.15937751   0.00850000
  0.15940883   0.00850000
  0.15944015   0.00850000
  0.15947147   0.00850000
  0.15950279   0.00850000
  0.15953411   0.00850000
  0.15956544   0.00850000
  0.15959676   0.00850000
  0.15962808   0.00850000
  0.15965940   0.00850000
  0.15969072   0.00850000
  0.15972204   0.00850000
  0.15975336   0.00850000
  0.15978468   0.00850000
  0.15981601   0.00850000
  0.15984733   0.00850000
  0.15987865   0.00850000
  0.15990997   0.00850000
  0.15994129   0.00850000
  0.15997261   0.00850000
  0.16000393   0.00850000
  0.16003526   0.00850000
  0.16006658   0.00850000
  0.16009790   0.00850000
  0.16012922   0.00850000
  0.16016054   0.00850000
  0.16019186   0.00850000
  0.16022318   0.00850000
  0.16025450   0.00850000
  0.16028583   0.00850000
  0.16031715   0.00850000
  0.16034847   0.00850000
  0.16037979   0.00850000
  0.16041111   0.00850000
  0.16044243   0.00850000
  0.16047375   0.00850000
  0.16050508   0.00850000
  0.16053640   0.00850000
  0.16056772   0.00850000
  0.16059904   0.00850000
  0.16063036   0.00850000
  0.16066168   0.00850000
  0.16069300   0.00850000
  0.16072432   0.00850000
  0.16075565   0.00850000
  0.16078697   0.00850000
  0.16081829   0.00850000
  0.16084961   0.00850000
  0.16088093   0.00850000
  0.16091225   0.00850000
  0.16094357   0.00850000
  0.16097489   0.00850000
  0.16100622   0.00850000
  0.16103754   0.00850000
  0.16106886   0.00850000
  0.16110018   0.00850000
  0.16113150   0.00850000
  0.16116282   0.00850000
  0.16119414   0.00850000
  0.16122547   0.00850000
  0.16125679   0.00850000
  0.16128811   0.00850000
  0.16131943   0.00850000
  0.16135075   0.00850000
  0.16138207   0.00850000
  0.16141339   0.00850000
  0.16144471   0.00850000
  0.16147604   0.00850000
  0.16150736   0.00850000
  0.16153868   0.00850000
  0.16157000   0.00850000
  0.16160132   0.00850000
  0.16163264   0.00850000
  0.16166396   0.00850000
  0.16169529   0.00850000
  0.16172661   0.00850000
  0.16175793   0.00850000
  0.16178925   0.00850000
  0.16182057   0.00850000
  0.16185189   0.00850000
  0.16188321   0.00850000
  0.16191453   0.00850000
  0.16194586   0.00850000
  0.16197718   0.00850000
  0.16200850   0.00850000
  0.16203982   0.00850000
  0.16207114   0.00850000
  0.16210246   0.00850000
  0.16213378   0.00850000
  0.16216511   0.00850000
  0.16219643   0.00850000
  0.16222775   0.00850000
  0.16225907   0.00850000
  0.16229039   0.00850000
  0.16232171   0.00850000
  0.16235303   0.00850000
  0.16238435   0.00850000
  0.16241568   0.00850000
  0.16244700   0.00850000
  0.16247832   0.00850000
  0.16250964   0.00850000
  0.16254096   0.00850000
  0.16257228   0.00850000
  0.16260360   0.00850000
  0.16263492   0.00850000
  0.16266625   0.00850000
  0.16269757   0.00850000
  0.16272889   0.00850000
  0.16276021   0.00850000
  0.16279153   0.00850000
  0.16282285   0.00850000
  0.16285417   0.00850000
  0.16288550   0.00850000
  0.16291682   0.00850000
  0.16294814   0.00850000
  0.16297946   0.00850000
  0.16301078   0.00850000
  0.16304210   0.00850000
  0.16307342   0.00850000
  0.16310474   0.00850000
  0.16313607   0.00850000
  0.16316739   0.00850000
  0.16319871   0.00850000
  0.16323003   0.00850000
  0.16326135   0.00850000
  0.16329267   0.00850000
  0.16332399   0.00850000
  0.16335532   0.00850000
  0.16338664   0.00850000
  0.16341796   0.00850000
  0.16344928   0.00850000
  0.16348060   0.00850000
  0.16351192   0.00850000
  0.16354324   0.00850000
  0.16357456   0.00850000
  0.16360589   0.00850000
  0.16363721   0.00850000
  0.16366853   0.00850000
  0.16369985   0.00850000
  0.16373117   0.00850000
  0.16376249   0.00850000
  0.16379381   0.00850000
  0.16382514   0.00850000
  0.16385646   0.00850000
  0.16388778   0.00850000
  0.16391910   0.00850000
  0.16395042   0.00850000
  0.16398174   0.00850000
  0.16401306   0.00850000
  0.16404438   0.00850000
  0.16407571   0.00850000
  0.16410703   0.00850000
  0.16413835   0.00850000
  0.16416967   0.00850000
  0.16420099   0.00850000
  0.16423231   0.00850000
  0.16426363   0.00850000
  0.16429495   0.00850000
  0.16432628   0.00850000
  0.16435760   0.00850000
  0.16438892   0.00850000
  0.16442024   0.00850000
  0.16445156   0.00850000
  0.16448288   0.00850000
  0.16451420   0.00850000
  0.16454553   0.00850000
  0.16457685   0.00850000
  0.16460817   0.00850000
  0.16463949   0.00850000
  0.16467081   0.00850000
  0.16470213   0.00850000
  0.16473345   0.00850000
  0.16476477   0.00850000
  0.16479610   0.00850000
  0.16482742   0.00850000
  0.16485874   0.00850000
  0.16489006   0.00850000
  0.16492138   0.00850000
  0.16495270   0.00850000
  0.16498402   0.00850000
  0.16501535   0.00850000
  0.16504667   0.00850000
  0.16507799   0.00850000
  0.16510931   0.00850000
  0.16514063   0.00850000
  0.16517195   0.00850000
  0.16520327   0.00850000
  0.16523459   0.00850000
  0.16526592   0.00850000
  0.16529724   0.00850000
  0.16532856   0.00850000
  0.16535988   0.00850000
  0.16539120   0.00850000
  0.16542252   0.00850000
  0.16545384   0.00850000
  0.16548517   0.00850000
  0.16551649   0.00850000
  0.16554781   0.00850000
  0.16557913   0.00850000
  0.16561045   0.00850000
  0.16564177   0.00850000
  0.16567309   0.00850000
  0.16570441   0.00850000
  0.16573574   0.00850000
  0.16576706   0.00850000
  0.16579838   0.00850000
  0.16582970   0.00850000
  0.16586102   0.00850000
  0.16589234   0.00850000
  0.16592366   0.00850000
  0.16595498   0.00850000
  0.16598631   0.00850000
  0.16601763   0.00850000
  0.16604895   0.00850000
  0.16608027   0.00850000
  0.16611159   0.00850000
  0.16614291   0.00850000
  0.16617423   0.00850000
  0.16620556   0.00850000
  0.16623688   0.00850000
  0.16626820   0.00850000
  0.16629952   0.00850000
  0.16633084   0.00850000
  0.16636216   0.00850000
  0.16639348   0.00850000
  0.16642480   0.00850000
  0.16645613   0.00850000
  0.16648745   0.00850000
  0.16651877   0.00850000
  0.16655009   0.00850000
  0.16658141   0.00850000
  0.16661273   0.00850000
  0.16664405   0.00850000
  0.16667538   0.00850000
  0.16670670   0.00850000
  0.16673802   0.00850000
  0.16676934   0.00850000
  0.16680066   0.00850000
  0.16683198   0.00850000
  0.16686330   0.00850000
  0.16689462   0.00850000
  0.16692595   0.00850000
  0.16695727   0.00850000
  0.16698859   0.00850000
  0.16701991   0.00850000
  0.16705123   0.00850000
  0.16708255   0.00850000
  0.16711387   0.00850000
  0.16714520   0.00850000
  0.16717652   0.00850000
  0.16720784   0.00850000
  0.16723916   0.00850000
  0.16727048   0.00850000
  0.16730180   0.00850000
  0.16733312   0.00850000
  0.16736444   0.00850000
  0.16739577   0.00850000
  0.16742709   0.00850000
  0.16745841   0.00850000
  0.16748973   0.00850000
  0.16752105   0.00850000
  0.16755237   0.00850000
  0.16758369   0.00850000
  0.16761502   0.00850000
  0.16764634   0.00850000
  0.16767766   0.00850000
  0.16770898   0.00850000
  0.16774030   0.00850000
  0.16777162   0.00850000
  0.16780294   0.00850000
  0.16783426   0.00850000
  0.16786559   0.00850000
  0.16789691   0.00850000
  0.16792823   0.00850000
  0.16795955   0.00850000
  0.16799087   0.00850000
  0.16802219   0.00850000
  0.16805351   0.00850000
  0.16808483   0.00850000
  0.16811616   0.00850000
  0.16814748   0.00850000
  0.16817880   0.00850000
  0.16821012   0.00850000
  0.16824144   0.00850000
  0.16827276   0.00850000
  0.16830408   0.00850000
  0.16833541   0.00850000
  0.16836673   0.00850000
  0.16839805   0.00850000
  0.16842937   0.00850000
  0.16846069   0.00850000
  0.16849201   0.00850000
  0.16852333   0.00850000
  0.16855465   0.00850000
  0.16858598   0.00850000
  0.16861730   0.00850000
  0.16864862   0.00850000
  0.16867994   0.00850000
  0.16871126   0.00850000
  0.16874258   0.00850000
  0.16877390   0.00850000
  0.16880523   0.00850000
  0.16883655   0.00850000
  0.16886787   0.00850000
  0.16889919   0.00850000
  0.16893051   0.00850000
  0.16896183   0.00850000
  0.16899315   0.00850000
  0.16902447   0.00850000
  0.16905580   0.00850000
  0.16908712   0.00850000
  0.16911844   0.00850000
  0.16914976   0.00850000
  0.16918108   0.00850000
  0.16921240   0.00850000
  0.16924372   0.00850000
  0.16927505   0.00850000
  0.16930637   0.00850000
  0.16933769   0.00850000
  0.16936901   0.00850000
  0.16940033   0.00850000
  0.16943165   0.00850000
  0.16946297   0.00850000
  0.16949429   0.00850000
  0.16952562   0.00850000
  0.16955694   0.00850000
  0.16958826   0.00850000
  0.16961958   0.00850000
  0.16965090   0.00850000
  0.16968222   0.00850000
  0.16971354   0.00850000
  0.16974486   0.00850000
  0.16977619   0.00850000
  0.16980751   0.00850000
  0.16983883   0.00850000
  0.16987015   0.00850000
  0.16990147   0.00850000
  0.16993279   0.00850000
  0.16996411   0.00850000
  0.16999544   0.00850000
  0.17002676   0.00850000
  0.17005808   0.00850000
  0.17008940   0.00850000
  0.17012072   0.00850000
  0.17015204   0.00850000
  0.17018336   0.00850000
  0.17021468   0.00850000
  0.17024601   0.00850000
  0.17027733   0.00850000
  0.17030865   0.00850000
  0.17033997   0.00850000
  0.17037129   0.00850000
  0.17040261   0.00850000
  0.17043393   0.00850000
  0.17046526   0.00850000
  0.17049658   0.00850000
  0.17052790   0.00850000
  0.17055922   0.00850000
  0.17059054   0.00850000
  0.17062186   0.00850000
  0.17065318   0.00850000
  0.17068450   0.00850000
  0.17071583   0.00850000
  0.17074715   0.00850000
  0.17077847   0.00850000
  0.17080979   0.00850000
  0.17084111   0.00850000
  0.17087243   0.00850000
  0.17090375   0.00850000
  0.17093508   0.00850000
  0.17096640   0.00850000
  0.17099772   0.00850000
  0.17102904   0.00850000
  0.17106036   0.00850000
  0.17109168   0.00850000
  0.17112300   0.00850000
  0.17115432   0.00850000
  0.17118565   0.00850000
  0.17121697   0.00850000
  0.17124829   0.00850000
  0.17127961   0.00850000
  0.17131093   0.00850000
  0.17134225   0.00850000
  0.17137357   0.00850000
  0.17140489   0.00850000
  0.17143622   0.00850000
  0.17146754   0.00850000
  0.17149886   0.00850000
  0.17153018   0.00850000
  0.17156150   0.00850000
  0.17159282   0.00850000
  0.17162414   0.00850000
  0.17165547   0.00850000
  0.17168679   0.00850000
  0.17171811   0.00850000
  0.17174943   0.00850000
  0.17178075   0.00850000
  0.17181207   0.00850000
  0.17184339   0.00850000
  0.17187471   0.00850000
  0.17190604   0.00850000
  0.17193736   0.00850000
  0.17196868   0.00850000
  0.17200000   0.00850000
  0.17200000   1.00000000
 -1.00000000   1.00000000
 -1.00000000   0.00850000
