 -1.00000000   0.00000000
  0.00017217   0.00000000
  0.00034434   0.00000000
  0.00051652   0.00000000
  0.00068869   0.00000000
  0.00086086   0.00000000
  0.00103303   0.00000000
  0.00120521   0.00000000
  0.00137738   0.00000000
  0.00154955   0.00000000
  0.00172172   0.00000000
  0.00189389   0.00000000
  0.00206607   0.00000000
  0.00223824   0.00000000
  0.00241041   0.00000000
  0.00258258   0.00000000
  0.00275475   0.00000000
  0.00292693   0.00000000
  0.00309910   0.00000000
  0.00327127   0.00000000
  0.00344344   0.00000000
  0.00361562   0.00000000
  0.00378779   0.00000000
  0.00395996   0.00000000
  0.00413213   0.00000000
  0.00430430   0.00000000
  0.00447648   0.00000000
  0.00464865   0.00000000
  0.00482082   0.00000000
  0.00499299   0.00000000
  0.00516517   0.00000000
  0.00533734   0.00000000
  0.00550951   0.00000000
  0.00568168   0.00000000
  0.00585385   0.00000000
  0.00602603   0.00000000
  0.00619820   0.00000000
  0.00637037   0.00000000
  0.00654254   0.00000000
  0.00671471   0.00000000
  0.00688689   0.00000000
  0.00705906   0.00000000
  0.00723123   0.00000000
  0.00740340   0.00000000
  0.00757558   0.00000000
  0.00774775   0.00000000
  0.00791992   0.00000000
  0.00809209   0.00000000
  0.00826426   0.00000000
  0.00843644   0.00000000
  0.00860861   0.00000000
  0.00878078   0.00000000
  0.00895295   0.00000000
  0.00912513   0.00000000
  0.00929730   0.00000000
  0.00946947   0.00000000
  0.00964164   0.00000000
  0.00981381   0.00000000
  0.00998599   0.00000000
  0.01015816   0.00000000
  0.01033033   0.00000000
  0.01050250   0.00000000
  0.01067467   0.00000000
  0.01084685   0.00000000
  0.01101902   0.00000000
  0.01119119   0.00000000
  0.01136336   0.00000000
  0.01153554   0.00000000
  0.01170771   0.00000000
  0.01187988   0.00000000
  0.01205205   0.00000000
  0.01222422   0.00000000
  0.01239640   0.00000000
  0.01256857   0.00000000
  0.01274074   0.00000000
  0.01291291   0.00000000
  0.01308509   0.00000000
  0.01325726   0.00000000
  0.01342943   0.00000000
  0.01360160   0.00000000
  0.01377377   0.00000000
  0.01394595   0.00000000
  0.01411812   0.00000000
  0.01429029   0.00000000
  0.01446246   0.00000000
  0.01463463   0.00000000
  0.01480681   0.00000000
  0.01497898   0.00000000
  0.01515115   0.00000000
  0.01532332   0.00000000
  0.01549550   0.00000000
  0.01566767   0.00000000
  0.01583984   0.00000000
  0.01601201   0.00000000
  0.01618418   0.00000000
  0.01635636   0.00000000
  0.01652853   0.00000000
  0.01670070   0.00000000
  0.01687287   0.00000000
  0.01704505   0.00000000
  0.01721722   0.00000000
  0.01738939   0.00000000
  0.01756156   0.00000000
  0.01773373   0.00000000
  0.01790591   0.00000000
  0.01807808   0.00000000
  0.01825025   0.00000000
  0.01842242   0.00000000
  0.01859459   0.00000000
  0.01876677   0.00000000
  0.01893894   0.00000000
  0.01911111   0.00000000
  0.01928328   0.00000000
  0.01945546   0.00000000
  0.01962763   0.00000000
  0.01979980   0.00000000
  0.01997197   0.00000000
  0.02014414   0.00000000
  0.02031632   0.00000000
  0.02048849   0.00000000
  0.02066066   0.00000000
  0.02083283   0.00000000
  0.02100501   0.00000000
  0.02117718   0.00000000
  0.02134935   0.00000000
  0.02152152   0.00000000
  0.02169369   0.00000000
  0.02186587   0.00000000
  0.02203804   0.00000000
  0.02221021   0.00000000
  0.02238238   0.00000000
  0.02255455   0.00000000
  0.02272673   0.00000000
  0.02289890   0.00000000
  0.02307107   0.00000000
  0.02324324   0.00000000
  0.02341542   0.00000000
  0.02358759   0.00000000
  0.02375976   0.00000000
  0.02393193   0.00000000
  0.02410410   0.00000000
  0.02427628   0.00000000
  0.02444845   0.00000000
  0.02462062   0.00000000
  0.02479279   0.00000000
  0.02496496   0.00000000
  0.02513714   0.00000000
  0.02530931   0.00000000
  0.02548148   0.00000000
  0.02565365   0.00000000
  0.02582583   0.00000000
  0.02599800   0.00000000
  0.02617017   0.00000000
  0.02634234   0.00000000
  0.02651451   0.00000000
  0.02668669   0.00000000
  0.02685886   0.00000000
  0.02703103   0.00000000
  0.02720320   0.00000000
  0.02737538   0.00000000
  0.02754755   0.00000000
  0.02771972   0.00000000
  0.02789189   0.00000000
  0.02806406   0.00000000
  0.02823624   0.00000000
  0.02840841   0.00000000
  0.02858058   0.00000000
  0.02875275   0.00000000
  0.02892492   0.00000000
  0.02909710   0.00000000
  0.02926927   0.00000000
  0.02944144   0.00000000
  0.02961361   0.00000000
  0.02978579   0.00000000
  0.02995796   0.00000000
  0.03013013   0.00000000
  0.03030230   0.00000000
  0.03047447   0.00000000
  0.03064665   0.00000000
  0.03081882   0.00000000
  0.03099099   0.00000000
  0.03116316   0.00000000
  0.03133534   0.00000000
  0.03150751   0.00000000
  0.03167968   0.00000000
  0.03185185   0.00000000
  0.03202402   0.00000000
  0.03219620   0.00000000
  0.03236837   0.00000000
  0.03254054   0.00000000
  0.03271271   0.00000000
  0.03288488   0.00000000
  0.03305706   0.00000000
  0.03322923   0.00000000
  0.03340140   0.00000000
  0.03357357   0.00000000
  0.03374575   0.00000000
  0.03391792   0.00000000
  0.03409009   0.00000000
  0.03426226   0.00000000
  0.03443443   0.00000000
  0.03460661   0.00000000
  0.03477878   0.00000000
  0.03495095   0.00000000
  0.03512312   0.00000000
  0.03529530   0.00000000
  0.03546747   0.00000000
  0.03563964   0.00000000
  0.03581181   0.00000000
  0.03598398   0.00000000
  0.03615616   0.00000000
  0.03632833   0.00000000
  0.03650050   0.00000000
  0.03667267   0.00000000
  0.03684484   0.00000000
  0.03701702   0.00000000
  0.03718919   0.00000000
  0.03736136   0.00000000
  0.03753353   0.00000000
  0.03770571   0.00000000
  0.03787788   0.00000000
  0.03805005   0.00000000
  0.03822222   0.00000000
  0.03839439   0.00000000
  0.03856657   0.00000000
  0.03873874   0.00000000
  0.03891091   0.00000000
  0.03908308   0.00000000
  0.03925526   0.00000000
  0.03942743   0.00000000
  0.03959960   0.00000000
  0.03977177   0.00000000
  0.03994394   0.00000000
  0.04011612   0.00000000
  0.04028829   0.00000000
  0.04046046   0.00000000
  0.04063263   0.00000000
  0.04080480   0.00000000
  0.04097698   0.00000000
  0.04114915   0.00000000
  0.04132132   0.00000000
  0.04149349   0.00000000
  0.04166567   0.00000000
  0.04183784   0.00000000
  0.04201001   0.00000000
  0.04218218   0.00000000
  0.04235435   0.00000000
  0.04252653   0.00000000
  0.04269870   0.00000000
  0.04287087   0.00000000
  0.04304304   0.00000000
  0.04321522   0.00000000
  0.04338739   0.00000000
  0.04355956   0.00000000
  0.04373173   0.00000000
  0.04390390   0.00000000
  0.04407608   0.00000000
  0.04424825   0.00000000
  0.04442042   0.00000000
  0.04459259   0.00000000
  0.04476476   0.00000000
  0.04493694   0.00000000
  0.04510911   0.00000000
  0.04528128   0.00000000
  0.04545345   0.00000000
  0.04562563   0.00000000
  0.04579780   0.00000000
  0.04596997   0.00000000
  0.04614214   0.00000000
  0.04631431   0.00000000
  0.04648649   0.00000000
  0.04665866   0.00000000
  0.04683083   0.00000000
  0.04700300   0.00000000
  0.04717518   0.00000000
  0.04734735   0.00000000
  0.04751952   0.00000000
  0.04769169   0.00000000
  0.04786386   0.00000000
  0.04803604   0.00000000
  0.04820821   0.00000000
  0.04838038   0.00000000
  0.04855255   0.00000000
  0.04872472   0.00000000
  0.04889690   0.00000000
  0.04906907   0.00000000
  0.04924124   0.00000000
  0.04941341   0.00000000
  0.04958559   0.00000000
  0.04975776   0.00000000
  0.04992993   0.00000000
  0.05010210   0.00000000
  0.05027427   0.00000000
  0.05044645   0.00000000
  0.05061862   0.00000000
  0.05079079   0.00000000
  0.05096296   0.00000000
  0.05113514   0.00000000
  0.05130731   0.00000000
  0.05147948   0.00000000
  0.05165165   0.00000000
  0.05182382   0.00000000
  0.05199600   0.00000000
  0.05216817   0.00000000
  0.05234034   0.00000000
  0.05251251   0.00000000
  0.05268468   0.00000000
  0.05285686   0.00000000
  0.05302903   0.00000000
  0.05320120   0.00000000
  0.05337337   0.00000000
  0.05354555   0.00000000
  0.05371772   0.00000000
  0.05388989   0.00000000
  0.05406206   0.00000000
  0.05423423   0.00000000
  0.05440641   0.00000000
  0.05457858   0.00000000
  0.05475075   0.00000000
  0.05492292   0.00000000
  0.05509510   0.00000000
  0.05526727   0.00000000
  0.05543944   0.00000000
  0.05561161   0.00000000
  0.05578378   0.00000000
  0.05595596   0.00000000
  0.05612813   0.00000000
  0.05630030   0.00000000
  0.05647247   0.00000000
  0.05664464   0.00000000
  0.05681682   0.00000000
  0.05698899   0.00000000
  0.05716116   0.00000000
  0.05733333   0.00000000
  0.05750551   0.00000000
  0.05767768   0.00000000
  0.05784985   0.00000000
  0.05802202   0.00000000
  0.05819419   0.00000000
  0.05836637   0.00000000
  0.05853854   0.00000000
  0.05871071   0.00000000
  0.05888288   0.00000000
  0.05905506   0.00000000
  0.05922723   0.00000000
  0.05939940   0.00000000
  0.05957157   0.00000000
  0.05974374   0.00000000
  0.05991592   0.00000000
  0.06008809   0.00000000
  0.06026026   0.00000000
  0.06043243   0.00000000
  0.06060460   0.00000000
  0.06077678   0.00000000
  0.06094895   0.00000000
  0.06112112   0.00000000
  0.06129329   0.00000000
  0.06146547   0.00000000
  0.06163764   0.00000000
  0.06180981   0.00000000
  0.06198198   0.00000000
  0.06215415   0.00000000
  0.06232633   0.00000000
  0.06249850   0.00000000
  0.06267067   0.00000000
  0.06284284   0.00000000
  0.06301502   0.00000000
  0.06318719   0.00000000
  0.06335936   0.00000000
  0.06353153   0.00000000
  0.06370370   0.00000000
  0.06387588   0.00000000
  0.06404805   0.00000000
  0.06422022   0.00000000
  0.06439239   0.00000000
  0.06456456   0.00000000
  0.06473674   0.00000000
  0.06490891   0.00000000
  0.06508108   0.00000000
  0.06525325   0.00000000
  0.06542543   0.00000000
  0.06559760   0.00000000
  0.06576977   0.00000000
  0.06594194   0.00000000
  0.06611411   0.00000000
  0.06628629   0.00000000
  0.06645846   0.00000000
  0.06663063   0.00000000
  0.06680280   0.00000000
  0.06697497   0.00000000
  0.06714715   0.00000000
  0.06731932   0.00000000
  0.06749149   0.00000000
  0.06766366   0.00000000
  0.06783584   0.00000000
  0.06800801   0.00000000
  0.06818018   0.00000000
  0.06835235   0.00000000
  0.06852452   0.00000000
  0.06869670   0.00000000
  0.06886887   0.00000000
  0.06904104   0.00000000
  0.06921321   0.00000000
  0.06938539   0.00000000
  0.06955756   0.00000000
  0.06972973   0.00000000
  0.06990190   0.00000000
  0.07007407   0.00000000
  0.07024625   0.00000000
  0.07041842   0.00000000
  0.07059059   0.00000000
  0.07076276   0.00000000
  0.07093493   0.00000000
  0.07110711   0.00000000
  0.07127928   0.00000000
  0.07145145   0.00000000
  0.07162362   0.00000000
  0.07179580   0.00000000
  0.07196797   0.00000000
  0.07214014   0.00000000
  0.07231231   0.00000000
  0.07248448   0.00000000
  0.07265666   0.00000000
  0.07282883   0.00000000
  0.07300100   0.00000000
  0.07317317   0.00000000
  0.07334535   0.00000000
  0.07351752   0.00000000
  0.07368969   0.00000000
  0.07386186   0.00000000
  0.07403403   0.00000000
  0.07420621   0.00000000
  0.07437838   0.00000000
  0.07455055   0.00000000
  0.07472272   0.00000000
  0.07489489   0.00000000
  0.07506707   0.00000000
  0.07523924   0.00000000
  0.07541141   0.00000000
  0.07558358   0.00000000
  0.07575576   0.00000000
  0.07592793   0.00000000
  0.07610010   0.00000000
  0.07627227   0.00000000
  0.07644444   0.00000000
  0.07661662   0.00000000
  0.07678879   0.00000000
  0.07696096   0.00000000
  0.07713313   0.00000000
  0.07730531   0.00000000
  0.07747748   0.00000000
  0.07764965   0.00000000
  0.07782182   0.00000000
  0.07799399   0.00000000
  0.07816617   0.00000000
  0.07833834   0.00000000
  0.07851051   0.00000000
  0.07868268   0.00000000
  0.07885485   0.00000000
  0.07902703   0.00000000
  0.07919920   0.00000000
  0.07937137   0.00000000
  0.07954354   0.00000000
  0.07971572   0.00000000
  0.07988789   0.00000000
  0.08006006   0.00000000
  0.08023223   0.00000000
  0.08040440   0.00000000
  0.08057658   0.00000000
  0.08074875   0.00000000
  0.08092092   0.00000000
  0.08109309   0.00000000
  0.08126527   0.00000000
  0.08143744   0.00000000
  0.08160961   0.00000000
  0.08178178   0.00000000
  0.08195395   0.00000000
  0.08212613   0.00000000
  0.08229830   0.00000000
  0.08247047   0.00000000
  0.08264264   0.00000000
  0.08281481   0.00000000
  0.08298699   0.00000000
  0.08315916   0.00000000
  0.08333133   0.00000000
  0.08350350   0.00000000
  0.08367568   0.00000000
  0.08384785   0.00000000
  0.08402002   0.00000000
  0.08419219   0.00000000
  0.08436436   0.00000000
  0.08453654   0.00000000
  0.08470871   0.00000000
  0.08488088   0.00000000
  0.08505305   0.00000000
  0.08522523   0.00000000
  0.08539740   0.00000000
  0.08556957   0.00000000
  0.08574174   0.00000000
  0.08591391   0.00000000
  0.08608609   0.00000000
  0.08625826   0.00000000
  0.08643043   0.00000000
  0.08660260   0.00000000
  0.08677477   0.00000000
  0.08694695   0.00000000
  0.08711912   0.00000000
  0.08729129   0.00000000
  0.08746346   0.00000000
  0.08763564   0.00000000
  0.08780781   0.00000000
  0.08797998   0.00000000
  0.08815215   0.00000000
  0.08832432   0.00000000
  0.08849650   0.00000000
  0.08866867   0.00000000
  0.08884084   0.00000000
  0.08901301   0.00000000
  0.08918519   0.00000000
  0.08935736   0.00000000
  0.08952953   0.00000000
  0.08970170   0.00000000
  0.08987387   0.00000000
  0.09004605   0.00000000
  0.09021822   0.00000000
  0.09039039   0.00000000
  0.09056256   0.00000000
  0.09073473   0.00000000
  0.09090691   0.00000000
  0.09107908   0.00000000
  0.09125125   0.00000000
  0.09142342   0.00000000
  0.09159560   0.00000000
  0.09176777   0.00000000
  0.09193994   0.00000000
  0.09211211   0.00000000
  0.09228428   0.00000000
  0.09245646   0.00000000
  0.09262863   0.00000000
  0.09280080   0.00000000
  0.09297297   0.00000000
  0.09314515   0.00000000
  0.09331732   0.00000000
  0.09348949   0.00000000
  0.09366166   0.00000000
  0.09383383   0.00000000
  0.09400601   0.00000000
  0.09417818   0.00000000
  0.09435035   0.00000000
  0.09452252   0.00000000
  0.09469469   0.00000000
  0.09486687   0.00000000
  0.09503904   0.00000000
  0.09521121   0.00000000
  0.09538338   0.00000000
  0.09555556   0.00000000
  0.09572773   0.00000000
  0.09589990   0.00000000
  0.09607207   0.00000000
  0.09624424   0.00000000
  0.09641642   0.00000000
  0.09658859   0.00000000
  0.09676076   0.00000000
  0.09693293   0.00000000
  0.09710511   0.00000000
  0.09727728   0.00000000
  0.09744945   0.00000000
  0.09762162   0.00000000
  0.09779379   0.00000000
  0.09796597   0.00000000
  0.09813814   0.00000000
  0.09831031   0.00000000
  0.09848248   0.00000000
  0.09865465   0.00000000
  0.09882683   0.00000000
  0.09899900   0.00000000
  0.09917117   0.00000000
  0.09934334   0.00000000
  0.09951552   0.00000000
  0.09968769   0.00000000
  0.09985986   0.00000000
  0.10003203   0.00000000
  0.10020420   0.00000000
  0.10037638   0.00000000
  0.10054855   0.00000000
  0.10072072   0.00000000
  0.10089289   0.00000000
  0.10106507   0.00000000
  0.10123724   0.00000000
  0.10140941   0.00000000
  0.10158158   0.00000000
  0.10175375   0.00000000
  0.10192593   0.00000000
  0.10209810   0.00000000
  0.10227027   0.00000000
  0.10244244   0.00000000
  0.10261461   0.00000000
  0.10278679   0.00000000
  0.10295896   0.00000000
  0.10313113   0.00000000
  0.10330330   0.00000000
  0.10347548   0.00000000
  0.10364765   0.00000000
  0.10381982   0.00000000
  0.10399199   0.00000000
  0.10416416   0.00000000
  0.10433634   0.00000000
  0.10450851   0.00000000
  0.10468068   0.00000000
  0.10485285   0.00000000
  0.10502503   0.00000000
  0.10519720   0.00000000
  0.10536937   0.00000000
  0.10554154   0.00000000
  0.10571371   0.00000000
  0.10588589   0.00000000
  0.10605806   0.00000000
  0.10623023   0.00000000
  0.10640240   0.00000000
  0.10657457   0.00000000
  0.10674675   0.00000000
  0.10691892   0.00000000
  0.10709109   0.00000000
  0.10726326   0.00000000
  0.10743544   0.00000000
  0.10760761   0.00000000
  0.10777978   0.00000000
  0.10795195   0.00000000
  0.10812412   0.00000000
  0.10829630   0.00000000
  0.10846847   0.00000000
  0.10864064   0.00000000
  0.10881281   0.00000000
  0.10898498   0.00000000
  0.10915716   0.00000000
  0.10932933   0.00000000
  0.10950150   0.00000000
  0.10967367   0.00000000
  0.10984585   0.00000000
  0.11001802   0.00000000
  0.11019019   0.00000000
  0.11036236   0.00000000
  0.11053453   0.00000000
  0.11070671   0.00000000
  0.11087888   0.00000000
  0.11105105   0.00000000
  0.11122322   0.00000000
  0.11139540   0.00000000
  0.11156757   0.00000000
  0.11173974   0.00000000
  0.11191191   0.00000000
  0.11208408   0.00000000
  0.11225626   0.00000000
  0.11242843   0.00000000
  0.11260060   0.00000000
  0.11277277   0.00000000
  0.11294494   0.00000000
  0.11311712   0.00000000
  0.11328929   0.00000000
  0.11346146   0.00000000
  0.11363363   0.00000000
  0.11380581   0.00000000
  0.11397798   0.00000000
  0.11415015   0.00000000
  0.11432232   0.00000000
  0.11449449   0.00000000
  0.11466667   0.00000000
  0.11483884   0.00000000
  0.11501101   0.00000000
  0.11518318   0.00000000
  0.11535536   0.00000000
  0.11552753   0.00000000
  0.11569970   0.00000000
  0.11587187   0.00000000
  0.11604404   0.00000000
  0.11621622   0.00000000
  0.11638839   0.00000000
  0.11656056   0.00000000
  0.11673273   0.00000000
  0.11690490   0.00000000
  0.11707708   0.00000000
  0.11724925   0.00000000
  0.11742142   0.00000000
  0.11759359   0.00000000
  0.11776577   0.00000000
  0.11793794   0.00000000
  0.11811011   0.00000000
  0.11828228   0.00000000
  0.11845445   0.00000000
  0.11862663   0.00000000
  0.11879880   0.00000000
  0.11897097   0.00000000
  0.11914314   0.00000000
  0.11931532   0.00000000
  0.11948749   0.00000000
  0.11965966   0.00000000
  0.11983183   0.00000000
  0.12000400   0.00000000
  0.12017618   0.00000000
  0.12034835   0.00000000
  0.12052052   0.00000000
  0.12069269   0.00000000
  0.12086486   0.00000000
  0.12103704   0.00000000
  0.12120921   0.00000000
  0.12138138   0.00000000
  0.12155355   0.00000000
  0.12172573   0.00000000
  0.12189790   0.00000000
  0.12207007   0.00000000
  0.12224224   0.00000000
  0.12241441   0.00000000
  0.12258659   0.00000000
  0.12275876   0.00000000
  0.12293093   0.00000000
  0.12310310   0.00000000
  0.12327528   0.00000000
  0.12344745   0.00000000
  0.12361962   0.00000000
  0.12379179   0.00000000
  0.12396396   0.00000000
  0.12413614   0.00000000
  0.12430831   0.00000000
  0.12448048   0.00000000
  0.12465265   0.00000000
  0.12482482   0.00000000
  0.12499700   0.00000000
  0.12516917   0.00000000
  0.12534134   0.00000000
  0.12551351   0.00000000
  0.12568569   0.00000000
  0.12585786   0.00000000
  0.12603003   0.00000000
  0.12620220   0.00000000
  0.12637437   0.00000000
  0.12654655   0.00000000
  0.12671872   0.00000000
  0.12689089   0.00000000
  0.12706306   0.00000000
  0.12723524   0.00000000
  0.12740741   0.00000000
  0.12757958   0.00000000
  0.12775175   0.00000000
  0.12792392   0.00000000
  0.12809610   0.00000000
  0.12826827   0.00000000
  0.12844044   0.00000000
  0.12861261   0.00000000
  0.12878478   0.00000000
  0.12895696   0.00000000
  0.12912913   0.00000000
  0.12930130   0.00000000
  0.12947347   0.00000000
  0.12964565   0.00000000
  0.12981782   0.00000000
  0.12998999   0.00000000
  0.13016216   0.00000000
  0.13033433   0.00000000
  0.13050651   0.00000000
  0.13067868   0.00000000
  0.13085085   0.00000000
  0.13102302   0.00000000
  0.13119520   0.00000000
  0.13136737   0.00000000
  0.13153954   0.00000000
  0.13171171   0.00000000
  0.13188388   0.00000000
  0.13205606   0.00000000
  0.13222823   0.00000000
  0.13240040   0.00000000
  0.13257257   0.00000000
  0.13274474   0.00000000
  0.13291692   0.00000000
  0.13308909   0.00000000
  0.13326126   0.00000000
  0.13343343   0.00000000
  0.13360561   0.00000000
  0.13377778   0.00000000
  0.13394995   0.00000000
  0.13412212   0.00000000
  0.13429429   0.00000000
  0.13446647   0.00000000
  0.13463864   0.00000000
  0.13481081   0.00000000
  0.13498298   0.00000000
  0.13515516   0.00000000
  0.13532733   0.00000000
  0.13549950   0.00000000
  0.13567167   0.00000000
  0.13584384   0.00000000
  0.13601602   0.00000000
  0.13618819   0.00000000
  0.13636036   0.00000000
  0.13653253   0.00000000
  0.13670470   0.00000000
  0.13687688   0.00000000
  0.13704905   0.00000000
  0.13722122   0.00000000
  0.13739339   0.00000000
  0.13756557   0.00000000
  0.13773774   0.00000000
  0.13790991   0.00000000
  0.13808208   0.00000000
  0.13825425   0.00000000
  0.13842643   0.00000000
  0.13859860   0.00000000
  0.13877077   0.00000000
  0.13894294   0.00000000
  0.13911512   0.00000000
  0.13928729   0.00000000
  0.13945946   0.00000000
  0.13963163   0.00000000
  0.13980380   0.00000000
  0.13997598   0.00000000
  0.14014815   0.00000000
  0.14032032   0.00000000
  0.14049249   0.00000000
  0.14066466   0.00000000
  0.14083684   0.00000000
  0.14100901   0.00000000
  0.14118118   0.00000000
  0.14135335   0.00000000
  0.14152553   0.00000000
  0.14169770   0.00000000
  0.14186987   0.00000000
  0.14204204   0.00000000
  0.14221421   0.00000000
  0.14238639   0.00000000
  0.14255856   0.00000000
  0.14273073   0.00000000
  0.14290290   0.00000000
  0.14307508   0.00000000
  0.14324725   0.00000000
  0.14341942   0.00000000
  0.14359159   0.00000000
  0.14376376   0.00000000
  0.14393594   0.00000000
  0.14410811   0.00000000
  0.14428028   0.00000000
  0.14445245   0.00000000
  0.14462462   0.00000000
  0.14479680   0.00000000
  0.14496897   0.00000000
  0.14514114   0.00000000
  0.14531331   0.00000000
  0.14548549   0.00000000
  0.14565766   0.00000000
  0.14582983   0.00000000
  0.14600200   0.00000000
  0.14617417   0.00000000
  0.14634635   0.00000000
  0.14651852   0.00000000
  0.14669069   0.00000000
  0.14686286   0.00000000
  0.14703504   0.00000000
  0.14720721   0.00000000
  0.14737938   0.00000000
  0.14755155   0.00000000
  0.14772372   0.00000000
  0.14789590   0.00000000
  0.14806807   0.00000000
  0.14824024   0.00000000
  0.14841241   0.00000000
  0.14858458   0.00000000
  0.14875676   0.00000000
  0.14892893   0.00000000
  0.14910110   0.00000000
  0.14927327   0.00000000
  0.14944545   0.00000000
  0.14961762   0.00000000
  0.14978979   0.00000000
  0.14996196   0.00000000
  0.15013413   0.00000000
  0.15030631   0.00000000
  0.15047848   0.00000000
  0.15065065   0.00000000
  0.15082282   0.00000000
  0.15099499   0.00000000
  0.15116717   0.00000000
  0.15133934   0.00000000
  0.15151151   0.00000000
  0.15168368   0.00000000
  0.15185586   0.00000000
  0.15202803   0.00000000
  0.15220020   0.00000000
  0.15237237   0.00000000
  0.15254454   0.00000000
  0.15271672   0.00000000
  0.15288889   0.00000000
  0.15306106   0.00000000
  0.15323323   0.00000000
  0.15340541   0.00000000
  0.15357758   0.00000000
  0.15374975   0.00000000
  0.15392192   0.00000000
  0.15409409   0.00000000
  0.15426627   0.00000000
  0.15443844   0.00000000
  0.15461061   0.00000000
  0.15478278   0.00000000
  0.15495495   0.00000000
  0.15512713   0.00000000
  0.15529930   0.00000000
  0.15547147   0.00000000
  0.15564364   0.00000000
  0.15581582   0.00000000
  0.15598799   0.00000000
  0.15616016   0.00000000
  0.15633233   0.00000000
  0.15650450   0.00000000
  0.15667668   0.00000000
  0.15684885   0.00000000
  0.15702102   0.00000000
  0.15719319   0.00000000
  0.15736537   0.00000000
  0.15753754   0.00000000
  0.15770971   0.00000000
  0.15788188   0.00000000
  0.15805405   0.00000000
  0.15822623   0.00000000
  0.15839840   0.00000000
  0.15857057   0.00000000
  0.15874274   0.00000000
  0.15891491   0.00000000
  0.15908709   0.00000000
  0.15925926   0.00000000
  0.15943143   0.00000000
  0.15960360   0.00000000
  0.15977578   0.00000000
  0.15994795   0.00000000
  0.16012012   0.00000000
  0.16029229   0.00000000
  0.16046446   0.00000000
  0.16063664   0.00000000
  0.16080881   0.00000000
  0.16098098   0.00000000
  0.16115315   0.00000000
  0.16132533   0.00000000
  0.16149750   0.00000000
  0.16166967   0.00000000
  0.16184184   0.00000000
  0.16201401   0.00000000
  0.16218619   0.00000000
  0.16235836   0.00000000
  0.16253053   0.00000000
  0.16270270   0.00000000
  0.16287487   0.00000000
  0.16304705   0.00000000
  0.16321922   0.00000000
  0.16339139   0.00000000
  0.16356356   0.00000000
  0.16373574   0.00000000
  0.16390791   0.00000000
  0.16408008   0.00000000
  0.16425225   0.00000000
  0.16442442   0.00000000
  0.16459660   0.00000000
  0.16476877   0.00000000
  0.16494094   0.00000000
  0.16511311   0.00000000
  0.16528529   0.00000000
  0.16545746   0.00000000
  0.16562963   0.00000000
  0.16580180   0.00000000
  0.16597397   0.00000000
  0.16614615   0.00000000
  0.16631832   0.00000000
  0.16649049   0.00000000
  0.16666266   0.00000000
  0.16683483   0.00000000
  0.16700701   0.00000000
  0.16717918   0.00000000
  0.16735135   0.00000000
  0.16752352   0.00000000
  0.16769570   0.00000000
  0.16786787   0.00000000
  0.16804004   0.00000000
  0.16821221   0.00000000
  0.16838438   0.00000000
  0.16855656   0.00000000
  0.16872873   0.00000000
  0.16890090   0.00000000
  0.16907307   0.00000000
  0.16924525   0.00000000
  0.16941742   0.00000000
  0.16958959   0.00000000
  0.16976176   0.00000000
  0.16993393   0.00000000
  0.17010611   0.00000000
  0.17027828   0.00000000
  0.17045045   0.00000000
  0.17062262   0.00000000
  0.17079479   0.00000000
  0.17096697   0.00000000
  0.17113914   0.00000000
  0.17131131   0.00000000
  0.17148348   0.00000000
  0.17165566   0.00000000
  0.17182783   0.00000000
  0.17200000   0.00000000
  0.17200000  -1.00000000
 -1.000000000 -1.00000000
 -1.000000000  0.00000000
